0 0.361563 0.625904 0.144167 0.723404 0.931425
0 0.922611 0.653071 0.154024 0.674702 0.93058
0 0.161591 0.630599 0.201804 0.72016 0.925864
0 0.523369 0.439878 0.0580818 0.238014 0.866826
0 0.838475 0.450728 0.0466591 0.231319 0.814578
0 0.872536 0.436352 0.0456459 0.244232 0.772974
26 0.427549 0.776309 0.0494476 0.203528 0.760713
0 0.547511 0.426469 0.0272947 0.168659 0.756659
0 0.472171 0.430847 0.0273788 0.180271 0.735766
0 0.0407432 0.467697 0.0411177 0.243993 0.728857
0 0.0730437 0.465918 0.0534838 0.248082 0.727237
0 0.417709 0.46629 0.0532171 0.278298 0.694638
0 0.0155732 0.41907 0.0259924 0.138325 0.616279
24 0.365096 0.421679 0.0885706 0.0963065 0.457956
26 0.274537 0.735116 0.102708 0.250816 0.448437
26 0.536142 0.461122 0.018609 0.0580457 0.440418
0 0.00547044 0.454815 0.0109409 0.184744 0.415301
26 0.261456 0.632683 0.130382 0.455816 0.39458
0 0.706468 0.418147 0.0362747 0.214274 0.336148
26 0.534677 0.459069 0.0146385 0.0435181 0.315519
24 0.361704 0.44354 0.0879339 0.144423 0.300704
