0 0.123488 0.633464 0.201952 0.716139 0.932618
0 0.908725 0.657771 0.182033 0.668942 0.931087
0 0.390578 0.618611 0.154808 0.752194 0.916428
26 0.32121 0.763455 0.0636342 0.17754 0.799908
26 0.453398 0.782705 0.0529241 0.221824 0.793191
0 0.841825 0.446973 0.0585365 0.226934 0.783954
0 0.514722 0.421567 0.0256809 0.175721 0.7731
26 0.974191 0.712832 0.0508759 0.423586 0.754179
0 0.471395 0.428409 0.0276067 0.181913 0.751308
0 0.544264 0.435942 0.0429123 0.23255 0.744175
0 0.331354 0.465486 0.0534082 0.304781 0.743142
0 0.215321 0.460601 0.0392199 0.209414 0.71711
0 0.875457 0.399935 0.029879 0.178848 0.65222
26 0.228538 0.771107 0.0899741 0.258486 0.647116
0 0.0173336 0.41706 0.0247703 0.132596 0.549509
0 0.037866 0.467719 0.0374236 0.237436 0.522765
0 0.165008 0.395366 0.0352086 0.0736744 0.521061
0 0.069668 0.426497 0.0501499 0.168587 0.424157
26 0.209527 0.661846 0.130488 0.469997 0.344452
0 0.444459 0.394204 0.0287075 0.12967 0.326216
0 0.563279 0.429206 0.0216349 0.184696 0.321465
67 0.130757 0.586381 0.0241723 0.0288562 0.290272
0 0.450261 0.434987 0.0404547 0.218757 0.263095
26 0.974279 0.792801 0.0500341 0.265128 0.262936
