0 0.466801 0.65382 0.126166 0.632733 0.87018
0 0.394527 0.52953 0.0809299 0.471492 0.84899
0 0.791247 0.421916 0.0511883 0.242525 0.844674
0 0.962156 0.471899 0.0549839 0.269486 0.840454
0 0.0703558 0.456464 0.0564513 0.253496 0.827183
0 0.279925 0.472602 0.0492124 0.25682 0.803202
0 0.224356 0.481377 0.0545967 0.2459 0.787638
0 0.749676 0.420957 0.0420679 0.231033 0.766922
0 0.861866 0.439953 0.0462069 0.220163 0.761272
0 0.0305996 0.495197 0.0371091 0.178502 0.723746
0 0.699241 0.422381 0.0337461 0.196988 0.6035
0 0.611559 0.428164 0.0379456 0.181216 0.601744
0 0.574836 0.420693 0.0292038 0.189365 0.59257
26 0.946848 0.465804 0.0243761 0.0872642 0.53928
0 0.356244 0.442362 0.0301469 0.207384 0.487278
0 0.00590914 0.434758 0.0117028 0.179025 0.478911
0 0.509747 0.540824 0.0714753 0.439 0.45172
26 0.212508 0.438819 0.0315155 0.0859084 0.276101
