0 0.4608 0.659102 0.126377 0.625899 0.881536
0 0.395397 0.531222 0.0786758 0.46978 0.829072
0 0.0684054 0.457131 0.0593832 0.251232 0.82258
0 0.792031 0.421542 0.0507557 0.245034 0.821781
0 0.282649 0.472801 0.0523845 0.25956 0.808561
0 0.960238 0.472731 0.0529137 0.264598 0.808548
0 0.226969 0.481558 0.0537913 0.247504 0.759824
0 0.0300446 0.496203 0.035388 0.176242 0.743745
0 0.753728 0.420028 0.0422075 0.22929 0.723803
0 0.857319 0.438801 0.0417965 0.22093 0.719616
0 0.697297 0.421245 0.0319237 0.196577 0.547504
0 0.612332 0.427495 0.037438 0.178356 0.537024
0 0.353767 0.443162 0.0332206 0.207447 0.528459
0 0.509248 0.542174 0.0789959 0.443071 0.502714
0 0.576085 0.422739 0.0304596 0.191329 0.4852
0 0.00588992 0.434903 0.0116594 0.178562 0.459689
26 0.943859 0.463053 0.0266823 0.0961163 0.421271
26 0.212287 0.442055 0.0331117 0.0862242 0.303998
0 0.0251532 0.394149 0.0240662 0.0924378 0.283551
26 0.941633 0.472212 0.0220207 0.0791892 0.25299
