0 0.456377 0.659677 0.123831 0.624675 0.884999
0 0.793304 0.422282 0.0493101 0.246828 0.838179
0 0.397235 0.53189 0.0773422 0.467234 0.837051
0 0.959548 0.472066 0.051799 0.268374 0.818014
0 0.283861 0.47339 0.0535016 0.258724 0.805737
0 0.0704462 0.457732 0.0581852 0.249626 0.805592
0 0.227984 0.481333 0.0551732 0.248206 0.797355
0 0.853661 0.438121 0.0394928 0.219759 0.748438
0 0.753035 0.420972 0.0392031 0.229353 0.748357
0 0.0292034 0.496885 0.0361881 0.174851 0.742812
0 0.507076 0.541614 0.0844804 0.447065 0.703427
0 0.612668 0.42793 0.0369465 0.177064 0.582917
0 0.353188 0.445254 0.0315756 0.210175 0.575522
0 0.697104 0.420171 0.0324659 0.197755 0.55239
0 0.576212 0.422956 0.028484 0.189772 0.549047
0 0.00605772 0.434974 0.0119938 0.177595 0.500093
26 0.940437 0.458349 0.026343 0.111061 0.465262
26 0.497081 0.590926 0.0317947 0.271788 0.329484
26 0.214402 0.439657 0.0347806 0.0916438 0.307933
26 0.938374 0.477518 0.0216263 0.0735489 0.291791
0 0.0255566 0.394995 0.0268352 0.0957152 0.26552
