0 0.505018 0.542765 0.0896039 0.452014 0.863632
0 0.453052 0.659628 0.119921 0.622686 0.857934
0 0.79448 0.428635 0.0507303 0.256082 0.841308
0 0.0703714 0.457791 0.0559325 0.250019 0.818142
0 0.95916 0.47177 0.0502935 0.267474 0.81748
0 0.230858 0.480055 0.0525248 0.250499 0.814243
0 0.396922 0.53202 0.0720706 0.459893 0.812083
0 0.282635 0.473902 0.0508727 0.25887 0.800187
0 0.0286835 0.497079 0.0350797 0.174455 0.785546
0 0.850201 0.437446 0.0365114 0.22137 0.754862
0 0.754919 0.420191 0.0377547 0.228014 0.754413
0 0.613929 0.427331 0.0365123 0.178479 0.593251
0 0.576335 0.424061 0.0269039 0.194167 0.588619
0 0.350895 0.444063 0.0337755 0.209976 0.549012
0 0.00592077 0.435673 0.0117064 0.177516 0.548132
0 0.69685 0.421104 0.0325548 0.201344 0.464666
26 0.936145 0.45851 0.0276823 0.101435 0.421288
26 0.492884 0.625784 0.0264597 0.173534 0.319392
26 0.935279 0.470069 0.0247023 0.0795569 0.292397
0 0.311402 0.401659 0.0274825 0.135796 0.25268
