0 0.504502 0.54543 0.0910535 0.455987 0.893624
0 0.450418 0.660481 0.116337 0.61794 0.873424
0 0.795726 0.427325 0.0503883 0.252943 0.842924
0 0.957697 0.469049 0.049519 0.269157 0.823816
0 0.0690163 0.457535 0.0557108 0.249767 0.804034
0 0.232631 0.47963 0.0500301 0.251908 0.790481
0 0.395838 0.53492 0.0671219 0.46072 0.789243
0 0.75672 0.420749 0.037085 0.229732 0.788539
0 0.282948 0.475575 0.0496702 0.256209 0.788074
0 0.0286621 0.497468 0.0355903 0.173877 0.776098
0 0.848713 0.436622 0.0385401 0.225302 0.75197
0 0.577332 0.423498 0.0264992 0.191415 0.555952
0 0.614887 0.426529 0.0354322 0.178124 0.555823
0 0.00582119 0.435755 0.0115488 0.177265 0.492916
26 0.933331 0.457992 0.0263523 0.0966802 0.477046
26 0.488305 0.581051 0.0323949 0.245516 0.436467
0 0.697121 0.420772 0.0322502 0.202963 0.407029
0 0.349738 0.444176 0.034238 0.206366 0.405296
26 0.932435 0.469339 0.0239872 0.0741993 0.378776
