0 0.504729 0.547831 0.090592 0.457167 0.903955
0 0.445945 0.661476 0.114718 0.611012 0.873891
0 0.797143 0.427893 0.0509474 0.25231 0.844506
0 0.953933 0.46612 0.0467571 0.272237 0.813881
0 0.233165 0.478871 0.0520708 0.253883 0.806499
0 0.758543 0.420341 0.0388956 0.229115 0.805687
0 0.0672709 0.458357 0.055681 0.24887 0.801691
0 0.394628 0.535836 0.0617941 0.463013 0.789284
0 0.0289167 0.496691 0.0347291 0.175174 0.786729
0 0.847085 0.437495 0.039747 0.222324 0.786118
0 0.283593 0.473511 0.0488524 0.259807 0.777224
0 0.577548 0.423272 0.0240023 0.191693 0.563243
0 0.615931 0.424777 0.0351625 0.176648 0.555715
26 0.929825 0.459492 0.0225988 0.0885276 0.550709
0 0.00559498 0.436262 0.0110257 0.177534 0.488538
26 0.483423 0.585375 0.0292809 0.250207 0.414912
0 0.349289 0.437165 0.0333939 0.185351 0.402994
