0 0.504897 0.55012 0.0901153 0.460318 0.908183
0 0.442636 0.654997 0.114426 0.612762 0.856497
0 0.799539 0.427242 0.0500956 0.249478 0.84561
0 0.233651 0.478605 0.0525443 0.255342 0.811333
0 0.950504 0.465564 0.0438801 0.270308 0.789234
0 0.0288747 0.496298 0.0357219 0.175285 0.779059
0 0.760576 0.421076 0.0385067 0.228178 0.767678
0 0.0674031 0.458042 0.052975 0.249955 0.758384
0 0.28617 0.476944 0.053029 0.254386 0.742402
0 0.847308 0.438512 0.0387524 0.218532 0.732631
0 0.396678 0.531955 0.0593433 0.463444 0.725426
26 0.927449 0.453098 0.0224911 0.0869308 0.697185
0 0.617041 0.425184 0.0347259 0.180806 0.594268
0 0.579955 0.422347 0.026832 0.189019 0.590247
0 0.347999 0.439241 0.0324561 0.191095 0.503677
0 0.0957674 0.496595 0.0302697 0.168057 0.482945
26 0.477443 0.582128 0.0275762 0.248269 0.482357
0 0.00559287 0.436274 0.0109729 0.177355 0.470272
