0 0.505159 0.55003 0.0893041 0.459698 0.903955
0 0.438125 0.653567 0.113732 0.607465 0.876481
0 0.800597 0.427705 0.0523153 0.250915 0.825561
0 0.232698 0.477524 0.0523162 0.257518 0.817758
0 0.0286062 0.496191 0.0351391 0.174608 0.796373
0 0.065789 0.459936 0.0503529 0.25347 0.777524
0 0.760631 0.421976 0.041139 0.229795 0.769102
0 0.948303 0.465207 0.0450193 0.275141 0.755837
0 0.288168 0.475724 0.0563148 0.257272 0.730986
0 0.847472 0.440238 0.0364939 0.217764 0.718123
0 0.39876 0.533156 0.0605636 0.472881 0.617822
0 0.581815 0.422487 0.0302101 0.190202 0.581407
26 0.923295 0.454056 0.023455 0.0820841 0.563809
26 0.473657 0.578953 0.0308094 0.253363 0.563625
0 0.617868 0.425344 0.0337754 0.182727 0.559131
0 0.347881 0.44229 0.0327929 0.191083 0.514619
0 0.0959314 0.495196 0.0321551 0.169733 0.492927
0 0.00567318 0.438502 0.0113464 0.18139 0.456306
26 0.922392 0.464409 0.0209827 0.0619484 0.406334
0 0.0289616 0.389165 0.0236955 0.0891091 0.259167
