0 0.504932 0.547741 0.0886126 0.463879 0.910013
0 0.433376 0.646211 0.114902 0.591679 0.882702
0 0.232671 0.477835 0.051253 0.257819 0.82752
0 0.802738 0.427967 0.0504761 0.251405 0.824126
0 0.28604 0.47436 0.0514508 0.26026 0.789969
0 0.0274398 0.49719 0.0324779 0.172925 0.774449
0 0.944959 0.460754 0.0455997 0.277293 0.774301
0 0.0635529 0.459935 0.0509518 0.25226 0.764998
0 0.763578 0.421173 0.0410061 0.225878 0.761547
0 0.845593 0.439319 0.0418123 0.220987 0.738364
0 0.58339 0.423179 0.0333304 0.191895 0.564982
26 0.920979 0.447288 0.0285303 0.0977108 0.532867
26 0.918802 0.458465 0.0224365 0.0767034 0.532339
0 0.0961162 0.488796 0.0328373 0.182677 0.515741
0 0.346278 0.438624 0.0323607 0.185757 0.495736
0 0.400623 0.426257 0.0618614 0.26377 0.494712
0 0.619048 0.424482 0.032852 0.184362 0.491375
0 0.00577194 0.438421 0.0115439 0.181377 0.431386
26 0.4661 0.574349 0.0264155 0.248982 0.370307
0 0.0297814 0.392974 0.0280569 0.0962522 0.299438
