0 0.505089 0.546781 0.0885353 0.464038 0.909705
0 0.429181 0.644966 0.114067 0.5896 0.887264
0 0.80448 0.427175 0.0491983 0.250799 0.815923
0 0.285369 0.475024 0.0493122 0.259156 0.81387
0 0.943691 0.462951 0.0462627 0.273544 0.810696
0 0.0612786 0.45892 0.0539385 0.252498 0.804188
0 0.234466 0.476818 0.0510452 0.259608 0.798351
0 0.765173 0.419905 0.0424175 0.224239 0.778158
0 0.0268765 0.498507 0.0309391 0.171654 0.761365
0 0.845552 0.439402 0.042308 0.220031 0.755196
26 0.916677 0.455029 0.0244747 0.0843911 0.599357
0 0.58495 0.425747 0.0346741 0.194936 0.590165
0 0.0958086 0.481049 0.0335221 0.19764 0.580047
0 0.344874 0.438132 0.0322837 0.183481 0.541664
0 0.61915 0.424319 0.0331102 0.176765 0.497323
0 0.400536 0.422037 0.0612456 0.260229 0.494446
0 0.00562207 0.436724 0.0110419 0.175861 0.437527
26 0.4638 0.577042 0.030542 0.251226 0.326529
0 0.0300524 0.393038 0.0287995 0.0938851 0.279395
