0 0.90776 0.656104 0.183973 0.669553 0.937123
0 0.119171 0.630475 0.206964 0.721533 0.932387
0 0.392367 0.620571 0.156744 0.747582 0.916813
26 0.455984 0.790079 0.0530711 0.219298 0.837668
26 0.323885 0.767456 0.0637454 0.18138 0.826002
0 0.516149 0.421177 0.0259155 0.176249 0.799757
0 0.842679 0.438934 0.0582132 0.210321 0.783906
0 0.47129 0.428536 0.0274593 0.182894 0.776574
0 0.331961 0.470897 0.0580552 0.317347 0.774813
0 0.545131 0.435519 0.0422375 0.236363 0.759329
26 0.973522 0.705868 0.0507687 0.421151 0.71262
0 0.215163 0.461677 0.0395259 0.215183 0.689619
0 0.0353673 0.493189 0.0308886 0.188089 0.673134
26 0.227857 0.768937 0.0890005 0.260336 0.602008
0 0.875738 0.39328 0.0303368 0.166988 0.529978
0 0.0172592 0.416608 0.0249254 0.132044 0.522943
0 0.165744 0.393576 0.0314542 0.0726958 0.479858
26 0.203062 0.661201 0.14199 0.475398 0.449781
0 0.444736 0.395545 0.0301666 0.131155 0.430676
0 0.069536 0.422541 0.0493869 0.160176 0.422199
0 0.565295 0.430023 0.0197104 0.18254 0.34348
26 0.990819 0.409814 0.0177025 0.0877884 0.332518
67 0.126579 0.585447 0.0260951 0.03071 0.298687
26 0.990771 0.42246 0.0176643 0.0606022 0.285692
0 0.449751 0.435213 0.040919 0.217747 0.27077
