0 0.505295 0.545529 0.0888302 0.464567 0.915073
0 0.426495 0.645025 0.112701 0.590401 0.877558
0 0.0619892 0.458593 0.0534935 0.253187 0.827031
0 0.807209 0.427497 0.0481438 0.252233 0.810442
0 0.234388 0.4788 0.0506285 0.259139 0.810429
0 0.285485 0.475449 0.0486976 0.258963 0.808435
0 0.943656 0.465407 0.0527664 0.26819 0.806149
0 0.767713 0.420422 0.0410162 0.224711 0.785305
0 0.0264823 0.498678 0.0300628 0.170943 0.75671
0 0.84353 0.441737 0.0364777 0.215103 0.728856
0 0.344873 0.438204 0.032888 0.18406 0.620716
0 0.0960135 0.474453 0.0330865 0.2107 0.604274
26 0.914933 0.457497 0.0246601 0.0844348 0.598926
0 0.585223 0.424426 0.0341541 0.190338 0.53448
0 0.619098 0.423347 0.0339777 0.177573 0.485727
0 0.00561269 0.436775 0.0110186 0.176584 0.478416
0 0.408143 0.419222 0.0782227 0.257488 0.392812
26 0.460859 0.616408 0.0283841 0.155467 0.38661
26 0.460618 0.568945 0.0307569 0.252724 0.327727
0 0.0291568 0.393428 0.0290654 0.0960123 0.322755
