0 0.505173 0.545257 0.0886261 0.466189 0.911298
0 0.425329 0.642805 0.119351 0.592136 0.878758
0 0.942843 0.466897 0.0637455 0.267351 0.853579
0 0.286028 0.475604 0.0489837 0.259579 0.829231
0 0.771007 0.418999 0.042959 0.22624 0.826642
0 0.23605 0.480509 0.0514258 0.256458 0.824158
0 0.0610415 0.458759 0.0529048 0.251198 0.820317
0 0.810819 0.428926 0.0499149 0.253972 0.784296
0 0.0251831 0.499372 0.0277695 0.170776 0.722206
0 0.342041 0.438266 0.0350969 0.186487 0.686901
0 0.0960448 0.47759 0.0336158 0.200997 0.674121
0 0.843182 0.441284 0.0300091 0.216126 0.62639
26 0.910988 0.45964 0.0258493 0.090892 0.552892
0 0.0057096 0.437122 0.0112845 0.175785 0.531215
0 0.585749 0.422852 0.0351801 0.188181 0.511973
0 0.620286 0.421848 0.0363146 0.17959 0.429563
0 0.410595 0.414113 0.0899119 0.251536 0.422063
26 0.457742 0.565908 0.0307583 0.249055 0.415412
26 0.457579 0.611024 0.0300749 0.156566 0.39582
0 0.0281977 0.396288 0.0278895 0.102809 0.364042
0 0.145598 0.366384 0.0236127 0.0559875 0.291004
