0 0.505912 0.544879 0.0889368 0.469479 0.916758
0 0.41863 0.641196 0.109438 0.598563 0.85814
0 0.942098 0.468342 0.0660061 0.264183 0.840354
0 0.286449 0.476034 0.0489287 0.25951 0.826075
0 0.236129 0.48267 0.0522257 0.253539 0.821824
0 0.773782 0.421048 0.0438316 0.227538 0.812545
0 0.0596322 0.458084 0.0544497 0.252209 0.812027
0 0.813001 0.430908 0.049868 0.258573 0.7908
0 0.095189 0.482804 0.0347772 0.189817 0.70727
0 0.0251857 0.499123 0.0273048 0.171152 0.700432
0 0.342205 0.437847 0.0352688 0.186741 0.67383
26 0.909766 0.460341 0.0254334 0.0851291 0.60184
0 0.00572275 0.436859 0.0113283 0.176452 0.539428
0 0.586301 0.422581 0.0360004 0.187602 0.535811
0 0.842014 0.442748 0.030162 0.214248 0.492105
0 0.619288 0.423312 0.0356614 0.175824 0.41893
26 0.455091 0.609588 0.0299673 0.157866 0.3878
26 0.455241 0.568057 0.0308226 0.243109 0.385376
0 0.0278243 0.394506 0.0277287 0.099968 0.381755
0 0.431004 0.373143 0.0618838 0.167356 0.318553
0 0.418107 0.421705 0.104335 0.267856 0.297115
0 0.959399 0.364173 0.0218231 0.0897277 0.272394
