0 0.507169 0.544473 0.0876189 0.470847 0.895498
0 0.416527 0.641319 0.114787 0.597857 0.891988
0 0.942119 0.468072 0.068792 0.263811 0.849062
0 0.236267 0.483806 0.0505172 0.250623 0.836206
0 0.2881 0.478943 0.0504529 0.254389 0.815752
0 0.0587726 0.457159 0.0532876 0.253749 0.809603
0 0.774704 0.420055 0.0451159 0.225758 0.798631
0 0.817205 0.444928 0.0518669 0.291676 0.769862
0 0.0254418 0.498981 0.0264008 0.172197 0.727212
0 0.34077 0.438397 0.0358891 0.189368 0.677088
0 0.0957199 0.476461 0.0343529 0.2035 0.66827
26 0.907408 0.4614 0.0272011 0.0883754 0.591039
0 0.586784 0.421567 0.038059 0.186103 0.550025
0 0.00587495 0.437805 0.0116387 0.174893 0.541255
26 0.451548 0.612675 0.0288106 0.153573 0.400855
0 0.0267596 0.393936 0.0268203 0.0973089 0.399601
26 0.451244 0.572091 0.0287722 0.236103 0.263093
0 0.147773 0.366145 0.0225609 0.0554365 0.253552
