0 0.50837 0.54487 0.0876707 0.472686 0.89609
0 0.41393 0.642336 0.11649 0.597646 0.89011
0 0.940664 0.468297 0.0700211 0.262056 0.848229
0 0.23668 0.483664 0.0510564 0.251089 0.829466
0 0.289957 0.480166 0.0491465 0.254 0.825893
0 0.819282 0.436856 0.0524499 0.276581 0.808061
0 0.0587017 0.456542 0.0539599 0.254007 0.803477
0 0.774376 0.42071 0.0474175 0.225853 0.778088
0 0.0258412 0.499375 0.0252517 0.172807 0.738786
0 0.0957147 0.477148 0.0340696 0.202591 0.68625
0 0.33985 0.43769 0.03665 0.190599 0.684286
26 0.905028 0.461595 0.025946 0.0874141 0.637192
26 0.448908 0.565919 0.0296412 0.252434 0.556642
0 0.586711 0.424082 0.0379805 0.191073 0.538689
0 0.00556778 0.4393 0.011002 0.171456 0.499963
0 0.0261411 0.3933 0.0268424 0.0964166 0.415144
0 0.43701 0.425594 0.0723169 0.266555 0.27221
