0 0.411363 0.64314 0.117173 0.594383 0.910345
0 0.512198 0.545998 0.0922978 0.472143 0.889661
0 0.938309 0.468391 0.0657061 0.261582 0.8343
0 0.820328 0.442576 0.0536406 0.289602 0.833536
0 0.237323 0.483871 0.0521086 0.251251 0.829363
0 0.291442 0.479845 0.0491704 0.253014 0.820111
0 0.0584603 0.45647 0.0543889 0.253352 0.807838
0 0.0961994 0.4794 0.0338232 0.198594 0.751418
0 0.774724 0.419647 0.0501996 0.226773 0.733559
0 0.0259886 0.498056 0.0260558 0.172605 0.720876
0 0.339012 0.436829 0.0387145 0.189947 0.700633
26 0.903625 0.459739 0.0238415 0.0893154 0.650268
26 0.446405 0.566611 0.0267631 0.254972 0.586689
0 0.587139 0.425019 0.0386814 0.19365 0.561633
0 0.00558218 0.438846 0.0111644 0.174308 0.493908
0 0.0253226 0.398045 0.0266349 0.106271 0.366715
0 0.435653 0.384889 0.0684588 0.174121 0.365564
26 0.57663 0.558322 0.0270462 0.0600154 0.298471
26 0.447588 0.600248 0.0266649 0.181458 0.284999
0 0.966688 0.362992 0.0309172 0.0866347 0.258679
0 0.435701 0.413524 0.0720709 0.241302 0.251603
