0 0.406872 0.644856 0.117205 0.591333 0.892471
0 0.517042 0.5477 0.0963978 0.472447 0.889571
0 0.932791 0.463483 0.0622002 0.258379 0.843333
0 0.823198 0.445399 0.0513214 0.295467 0.82541
0 0.0571571 0.456508 0.0524443 0.253375 0.815276
0 0.236794 0.483961 0.0508056 0.252577 0.809588
0 0.292334 0.480869 0.0485865 0.254525 0.80451
0 0.0968678 0.479186 0.0334517 0.198424 0.767329
0 0.338207 0.436962 0.0385932 0.189188 0.69616
0 0.775282 0.419075 0.051975 0.228117 0.645769
26 0.900326 0.455002 0.0231323 0.0860736 0.630421
0 0.0252767 0.492203 0.0263656 0.187337 0.623466
0 0.435846 0.411227 0.066176 0.224389 0.516833
0 0.587167 0.422283 0.0395077 0.189039 0.512451
0 0.00567673 0.440042 0.011149 0.170021 0.447762
26 0.443552 0.570092 0.0289219 0.251664 0.437625
0 0.965726 0.362504 0.0308475 0.0864144 0.376547
