0 0.403388 0.645071 0.116127 0.58964 0.890122
0 0.518762 0.548964 0.0969423 0.470886 0.877888
0 0.237767 0.48288 0.0521797 0.253892 0.8168
0 0.929485 0.465187 0.0581905 0.259404 0.816246
0 0.822543 0.446403 0.0545837 0.295651 0.803532
0 0.0567751 0.457286 0.0526207 0.252998 0.801652
0 0.293525 0.480741 0.0502272 0.256779 0.795492
0 0.0972085 0.479032 0.0342787 0.197881 0.7699
0 0.778628 0.418777 0.0453854 0.229198 0.726218
0 0.336996 0.437304 0.0385201 0.190013 0.687082
0 0.0247098 0.463833 0.0262966 0.241653 0.604241
26 0.898708 0.454661 0.0217831 0.0808019 0.600108
0 0.586361 0.420859 0.0390875 0.187552 0.444506
26 0.89811 0.464701 0.0199303 0.0605872 0.435198
0 0.436732 0.416554 0.0685913 0.23676 0.427215
0 0.005809 0.438451 0.0114005 0.171685 0.426117
26 0.439632 0.5713 0.0271361 0.255685 0.292496
