0 0.40074 0.644841 0.113801 0.584424 0.876296
0 0.519394 0.553806 0.0908179 0.473134 0.863812
0 0.823164 0.450224 0.0607504 0.300251 0.853257
0 0.0590844 0.457304 0.0583022 0.252727 0.810736
0 0.237916 0.48142 0.0529755 0.257182 0.792746
0 0.0979325 0.479472 0.0334367 0.195916 0.784961
0 0.294862 0.479508 0.0486994 0.259832 0.781721
0 0.923439 0.460417 0.0495504 0.262287 0.76855
0 0.785325 0.416792 0.0385628 0.225165 0.767966
0 0.0241774 0.497834 0.0266357 0.17488 0.704424
0 0.334391 0.437927 0.039878 0.189752 0.686628
26 0.897506 0.450762 0.0229383 0.0849437 0.669589
0 0.440209 0.539396 0.0722968 0.474083 0.566026
0 0.585931 0.419854 0.0391224 0.191664 0.488581
0 0.00590628 0.437722 0.0117898 0.178129 0.48634
26 0.43617 0.568818 0.0319932 0.240205 0.474366
0 0.488587 0.373521 0.0284951 0.121149 0.304976
0 0.0239032 0.396473 0.0252284 0.105684 0.296952
0 0.977053 0.431226 0.0361282 0.179106 0.292954
