0 0.398471 0.643605 0.112172 0.584332 0.885187
0 0.823727 0.450853 0.0618191 0.298496 0.877693
0 0.520225 0.55596 0.0890742 0.475074 0.859763
0 0.0575141 0.457388 0.0548323 0.251529 0.790015
0 0.917297 0.458874 0.04732 0.268773 0.78082
0 0.238843 0.481038 0.0537458 0.257494 0.777493
0 0.0983812 0.479247 0.034092 0.196133 0.771331
0 0.787215 0.415249 0.0383181 0.22257 0.759228
0 0.296743 0.479824 0.0478227 0.258854 0.737188
0 0.0234175 0.496355 0.0289285 0.173654 0.714502
26 0.897451 0.448657 0.0228302 0.0884255 0.698183
0 0.332853 0.438356 0.0380268 0.191182 0.688366
0 0.441754 0.528475 0.0773136 0.459243 0.664952
0 0.585747 0.419118 0.0390924 0.191522 0.465713
26 0.432081 0.570609 0.0296265 0.240118 0.428129
0 0.00599563 0.436808 0.0118192 0.173846 0.383559
0 0.0234608 0.394476 0.0256462 0.101428 0.339039
