0 0.906831 0.653294 0.185847 0.676317 0.935233
0 0.114511 0.628761 0.210916 0.727712 0.934449
0 0.395327 0.621035 0.157758 0.743871 0.912125
26 0.326589 0.77278 0.064253 0.183514 0.837133
0 0.517322 0.420635 0.0263195 0.177143 0.82265
0 0.844591 0.421505 0.0596354 0.176487 0.820103
26 0.45868 0.796852 0.0529493 0.218175 0.819314
0 0.334305 0.475696 0.0608628 0.328051 0.783709
0 0.548133 0.433964 0.0419168 0.237193 0.772162
0 0.471382 0.429687 0.0272314 0.1857 0.767716
0 0.215125 0.46352 0.04075 0.216756 0.717905
26 0.972068 0.702907 0.0521248 0.409249 0.705418
0 0.0345872 0.493321 0.0302095 0.186459 0.636102
26 0.225708 0.76995 0.0932771 0.259236 0.606517
0 0.167499 0.391098 0.0298356 0.0649278 0.542579
26 0.21086 0.657158 0.124467 0.48577 0.528402
0 0.0173173 0.415534 0.025149 0.130519 0.486971
0 0.444809 0.391548 0.0289635 0.120479 0.396103
0 0.567002 0.427 0.0208012 0.173761 0.350764
26 0.99017 0.41028 0.0189451 0.0890529 0.342024
0 0.567313 0.397108 0.0203838 0.108507 0.331043
0 0.0671441 0.409827 0.0480269 0.133946 0.302949
24 0.393247 0.473985 0.115814 0.210222 0.287633
67 0.120756 0.583832 0.0280516 0.0317952 0.265742
