0 0.396227 0.640267 0.109696 0.582908 0.885281
0 0.825062 0.45151 0.0633626 0.296977 0.87748
0 0.521944 0.555579 0.0895393 0.477199 0.871684
0 0.0559917 0.457337 0.0521743 0.250789 0.797817
0 0.239754 0.481897 0.0552185 0.256964 0.782256
0 0.917621 0.459137 0.0461246 0.269187 0.771044
0 0.0986318 0.479839 0.0341446 0.19558 0.771004
0 0.7884 0.415631 0.0381107 0.224035 0.765969
0 0.298508 0.480108 0.0483135 0.256311 0.764483
0 0.0220767 0.495769 0.0314153 0.174692 0.755121
0 0.44032 0.532507 0.0743311 0.470996 0.725872
0 0.331886 0.43883 0.0367552 0.190819 0.648646
26 0.895435 0.448843 0.0235657 0.0906557 0.64844
0 0.585742 0.419332 0.0390764 0.192968 0.453504
0 0.0231132 0.388311 0.0260008 0.0896503 0.306754
0 0.955002 0.443175 0.0302076 0.148891 0.305179
0 0.485843 0.383228 0.0297617 0.137381 0.252057
26 0.429823 0.568843 0.0300401 0.241447 0.250215
