0 0.525449 0.554652 0.0890375 0.481465 0.895641
0 0.390168 0.636108 0.102381 0.57754 0.869804
0 0.826996 0.452536 0.0632324 0.296847 0.857857
0 0.913172 0.459869 0.0529648 0.264686 0.823899
0 0.0564506 0.457836 0.0538493 0.249282 0.820568
0 0.441117 0.546724 0.0745718 0.505274 0.790437
0 0.240296 0.482931 0.0543998 0.258054 0.779486
0 0.298629 0.478931 0.0493658 0.259083 0.767288
0 0.790122 0.416224 0.0376587 0.225162 0.743627
0 0.0223594 0.493992 0.0310226 0.178204 0.743373
0 0.0998658 0.47909 0.0346064 0.197758 0.738984
26 0.892262 0.450795 0.0229492 0.0914657 0.611946
0 0.329987 0.440034 0.0374796 0.189785 0.611203
0 0.585669 0.42022 0.0389971 0.192749 0.512917
26 0.425984 0.567786 0.0303956 0.234433 0.333224
24 0.229183 0.439261 0.0310025 0.0932871 0.330795
26 0.425737 0.608785 0.0296483 0.149451 0.27687
0 0.0229015 0.382035 0.0262626 0.0765663 0.275374
