0 0.528246 0.553061 0.0902973 0.483492 0.895348
0 0.828221 0.453704 0.0603327 0.298265 0.847216
0 0.388391 0.631539 0.101376 0.575305 0.845331
0 0.909717 0.457712 0.0592098 0.268082 0.829829
0 0.0555448 0.457805 0.0534375 0.248648 0.819438
0 0.299749 0.478193 0.0507691 0.260231 0.77745
0 0.0219681 0.493738 0.0332881 0.178613 0.77394
0 0.792524 0.416512 0.0408138 0.226356 0.754295
0 0.0996009 0.478069 0.0360258 0.200814 0.748456
0 0.441227 0.547724 0.0754968 0.50916 0.747172
0 0.240425 0.482733 0.0540598 0.259471 0.745613
26 0.890121 0.454883 0.0225178 0.0871331 0.653792
0 0.329476 0.440203 0.0360315 0.188151 0.545107
0 0.585552 0.420288 0.0384623 0.195103 0.462462
24 0.229158 0.439221 0.0322371 0.0938944 0.421186
0 0.170071 0.368941 0.021744 0.0499399 0.309509
0 0.954062 0.442491 0.0292549 0.150747 0.265804
26 0.424089 0.544663 0.0311542 0.274006 0.25892
