0 0.530929 0.55178 0.0914138 0.485614 0.891694
0 0.902469 0.458664 0.0531677 0.268825 0.873289
0 0.388395 0.62484 0.104335 0.568169 0.862883
0 0.829993 0.453925 0.0609112 0.301222 0.840696
0 0.0562342 0.457625 0.053116 0.249046 0.812073
0 0.438794 0.54723 0.0773975 0.514294 0.800232
0 0.793617 0.417236 0.0388227 0.228082 0.766526
0 0.300365 0.477851 0.050954 0.261128 0.748687
0 0.241721 0.483676 0.0520588 0.25996 0.740221
0 0.100119 0.47774 0.0349868 0.201564 0.711024
0 0.0186933 0.46247 0.0361995 0.24088 0.608145
0 0.328705 0.436832 0.0344382 0.1828 0.532584
0 0.585397 0.420317 0.0381819 0.195608 0.50876
26 0.888274 0.454487 0.0250675 0.0907128 0.498849
24 0.231046 0.440981 0.0314428 0.0944649 0.365293
26 0.42289 0.558488 0.0290367 0.232551 0.332432
0 0.620248 0.41561 0.035564 0.185413 0.26475
0 0.955596 0.419386 0.0340279 0.196952 0.260281
