0 0.533997 0.550985 0.0945792 0.487467 0.88125
0 0.901074 0.46285 0.0507616 0.260718 0.860128
0 0.387347 0.62521 0.105252 0.572669 0.836255
0 0.832587 0.453098 0.061937 0.302741 0.83235
0 0.0566209 0.457789 0.0534271 0.248083 0.81614
0 0.435538 0.545918 0.0780755 0.515057 0.811137
0 0.300626 0.478152 0.052098 0.263437 0.783638
0 0.242789 0.486724 0.0512395 0.255294 0.770779
0 0.794364 0.417382 0.0368439 0.227694 0.764406
0 0.100428 0.47918 0.0352077 0.198854 0.737454
0 0.0182467 0.462886 0.0360736 0.240748 0.65941
0 0.585362 0.419862 0.0376305 0.195568 0.486109
24 0.231845 0.44257 0.030496 0.0947 0.369361
26 0.42267 0.554973 0.0288166 0.235071 0.343826
0 0.955716 0.420001 0.0340311 0.197528 0.304185
0 0.328772 0.431607 0.032198 0.171258 0.285234
0 0.176155 0.368492 0.0215704 0.0514777 0.266921
