0 0.537255 0.551174 0.0984323 0.490116 0.878649
0 0.385748 0.624769 0.105218 0.572219 0.8489
0 0.899521 0.4649 0.0494951 0.253428 0.845669
0 0.833987 0.452865 0.0669912 0.303162 0.843891
0 0.4348 0.546178 0.0799817 0.515535 0.831035
0 0.0566075 0.457422 0.0529579 0.247916 0.805133
0 0.243482 0.487728 0.0508701 0.252992 0.784499
0 0.300061 0.479229 0.0541443 0.263524 0.759782
0 0.10016 0.478863 0.0356613 0.199348 0.731624
0 0.794423 0.418037 0.0366295 0.22739 0.718123
0 0.0178261 0.462625 0.035356 0.239654 0.656427
26 0.422361 0.552351 0.0314387 0.237182 0.452589
0 0.585725 0.422027 0.0382634 0.195443 0.417438
24 0.232391 0.444412 0.0310196 0.0943473 0.399208
0 0.953957 0.442475 0.0306774 0.152102 0.338949
26 0.880929 0.473223 0.018684 0.0559762 0.295681
0 0.327435 0.431704 0.0306349 0.175786 0.282185
