0 0.540553 0.550088 0.101984 0.491718 0.896748
0 0.383168 0.625207 0.106027 0.569678 0.873926
0 0.836984 0.452363 0.0621151 0.306333 0.862631
0 0.432518 0.545533 0.0837814 0.522723 0.853267
0 0.898375 0.46465 0.0497925 0.257559 0.825691
0 0.244809 0.489148 0.0511549 0.252694 0.80706
0 0.100208 0.4782 0.0351493 0.199887 0.798952
0 0.056901 0.457139 0.0525897 0.247333 0.798259
0 0.303569 0.480741 0.0509183 0.264801 0.797078
0 0.0180029 0.466906 0.035623 0.230162 0.619414
0 0.796139 0.418854 0.0400743 0.226258 0.600564
0 0.4811 0.406418 0.0328225 0.17825 0.368531
0 0.955126 0.419747 0.0338005 0.19767 0.347924
26 0.419191 0.555034 0.0295056 0.231246 0.338341
0 0.58681 0.418233 0.0354889 0.185379 0.333043
24 0.233651 0.445346 0.030531 0.0929914 0.330952
0 0.326042 0.421324 0.0279311 0.161203 0.25973
