0 0.542414 0.55267 0.103244 0.498401 0.904476
0 0.431892 0.548738 0.0879866 0.52327 0.865764
0 0.378556 0.62551 0.100239 0.568148 0.852608
0 0.244852 0.489805 0.0501205 0.25258 0.823583
0 0.304906 0.480006 0.0519776 0.26276 0.811553
0 0.0567217 0.457114 0.053466 0.248369 0.8078
0 0.896905 0.463927 0.0511093 0.258668 0.804579
0 0.839632 0.451123 0.055644 0.307186 0.785254
0 0.10023 0.478796 0.0350073 0.198383 0.780663
0 0.0181914 0.466445 0.0362 0.232971 0.72469
0 0.797869 0.418412 0.0407451 0.226262 0.592031
0 0.48096 0.413019 0.0308001 0.191775 0.50004
26 0.876138 0.459689 0.0215681 0.0821626 0.450734
0 0.806393 0.433566 0.0298874 0.214647 0.400709
26 0.417386 0.55507 0.0297085 0.233476 0.398369
0 0.587293 0.417414 0.0347839 0.182763 0.321121
0 0.325155 0.42587 0.0280173 0.171864 0.320814
0 0.954326 0.420362 0.0343065 0.195975 0.295871
0 0.988629 0.586368 0.0218655 0.466225 0.264498
26 0.234573 0.444114 0.0294057 0.0909399 0.253292
