0 0.54525 0.555437 0.104807 0.501691 0.898969
0 0.433848 0.550587 0.0908362 0.519594 0.87132
0 0.375402 0.625837 0.106144 0.567989 0.850949
0 0.894487 0.460002 0.0446682 0.253683 0.840413
0 0.843319 0.45029 0.0508347 0.308392 0.839393
0 0.2465 0.490074 0.0510452 0.251413 0.817435
0 0.0567337 0.455956 0.0541929 0.24928 0.815084
0 0.306754 0.482089 0.0531681 0.259369 0.811108
0 0.100092 0.478826 0.0346778 0.198352 0.794973
0 0.0173895 0.469585 0.0346943 0.225712 0.673215
0 0.803636 0.423669 0.0393567 0.232143 0.641903
0 0.98772 0.590673 0.023588 0.479886 0.44814
26 0.414083 0.553222 0.0282536 0.230904 0.425734
26 0.873666 0.459575 0.0167099 0.0671649 0.378783
0 0.954522 0.422331 0.0324154 0.193407 0.340513
0 0.477717 0.414683 0.032235 0.201291 0.289428
26 0.875181 0.452965 0.0178143 0.0818107 0.287799
