0 0.547288 0.555329 0.107811 0.501248 0.89442
0 0.436551 0.55372 0.0894512 0.519165 0.890907
0 0.374471 0.628186 0.11182 0.564055 0.868402
0 0.844172 0.449757 0.0511225 0.309353 0.847268
0 0.891579 0.460098 0.0436592 0.253004 0.844777
0 0.247913 0.489418 0.0523841 0.253139 0.839851
0 0.0565118 0.455722 0.0539931 0.249254 0.832195
0 0.308087 0.483254 0.0525295 0.261214 0.809129
0 0.100296 0.479258 0.0344057 0.197446 0.800834
0 0.0167963 0.496264 0.0335352 0.172274 0.758836
0 0.804151 0.425269 0.0384289 0.231693 0.696424
26 0.411643 0.55419 0.0309658 0.227962 0.44418
0 0.953626 0.42268 0.0333439 0.196913 0.427395
0 0.0163814 0.400358 0.030505 0.107518 0.412404
0 0.474441 0.406581 0.0377789 0.18063 0.310103
0 0.987408 0.576502 0.0243584 0.457949 0.292107
0 0.987593 0.441257 0.0238792 0.185876 0.291907
0 0.588546 0.411179 0.03437 0.168548 0.250935
