0 0.108324 0.625083 0.213887 0.7366 0.941073
0 0.905122 0.651603 0.188782 0.679906 0.937308
0 0.398468 0.623006 0.157961 0.738205 0.911463
0 0.845113 0.419323 0.0555546 0.17632 0.832859
26 0.329452 0.784788 0.0648386 0.181827 0.807404
0 0.518199 0.421706 0.0275223 0.181486 0.807186
0 0.33702 0.492122 0.066035 0.363384 0.792741
26 0.463103 0.808146 0.0533173 0.219016 0.787184
0 0.215822 0.463971 0.0421625 0.220458 0.772948
0 0.47134 0.430188 0.0268847 0.187051 0.757416
26 0.208266 0.652941 0.124273 0.498143 0.713658
0 0.551096 0.435881 0.0396235 0.232524 0.658354
26 0.970137 0.694152 0.0521984 0.404822 0.65815
26 0.22247 0.770135 0.0936186 0.263216 0.539903
0 0.168114 0.393362 0.031091 0.0681628 0.466343
0 0.0179295 0.403926 0.0244965 0.107031 0.435815
24 0.403763 0.480612 0.0880516 0.214638 0.429969
0 0.0329883 0.494307 0.0303449 0.18794 0.343393
0 0.445109 0.385703 0.0292423 0.0990589 0.326225
26 0.966704 0.764184 0.0450779 0.266678 0.312247
