0 0.548147 0.557949 0.107692 0.500625 0.895613
0 0.438208 0.555662 0.0898859 0.518863 0.886533
0 0.371975 0.628731 0.113303 0.561643 0.877117
0 0.845543 0.450041 0.0513935 0.311122 0.842315
0 0.249075 0.489154 0.0551172 0.254761 0.840823
0 0.056667 0.455178 0.0533667 0.247834 0.830903
0 0.889533 0.45858 0.0417999 0.253421 0.815865
0 0.307215 0.484619 0.0490015 0.262134 0.802397
0 0.101958 0.479117 0.036752 0.197949 0.778662
0 0.0163741 0.496137 0.0327147 0.169968 0.766353
0 0.804559 0.421837 0.0381294 0.232137 0.736001
0 0.952574 0.422127 0.0322395 0.195764 0.555522
0 0.0158982 0.400437 0.0298104 0.108491 0.518575
26 0.410277 0.557547 0.0302259 0.230855 0.385331
0 0.476507 0.406918 0.0361486 0.180886 0.303259
0 0.986859 0.441487 0.0253448 0.191324 0.295554
26 0.47542 0.536792 0.018401 0.0947683 0.26727
26 0.409819 0.601505 0.0272532 0.14906 0.258211
