0 0.549698 0.560748 0.10925 0.499055 0.897632
0 0.439818 0.55843 0.0897975 0.520427 0.89753
0 0.367683 0.632426 0.108688 0.564637 0.865948
0 0.846659 0.449381 0.0537813 0.308932 0.85198
0 0.0559488 0.454535 0.0541814 0.249349 0.835832
0 0.250049 0.487225 0.0554808 0.261199 0.827153
0 0.887337 0.4587 0.0419876 0.257687 0.800879
0 0.805299 0.421347 0.0384865 0.234607 0.786076
0 0.101459 0.478972 0.0359247 0.199264 0.761056
0 0.0150852 0.495273 0.0301412 0.168959 0.741867
0 0.307606 0.485849 0.04863 0.260528 0.738034
0 0.952865 0.422405 0.0331833 0.196254 0.535147
0 0.0158456 0.401593 0.0293884 0.11314 0.515811
0 0.989506 0.43211 0.0202957 0.218895 0.500559
24 0.237601 0.445215 0.0304646 0.0962367 0.486589
26 0.403739 0.602698 0.0293661 0.149708 0.422277
0 0.589873 0.403939 0.0341667 0.149999 0.304628
0 0.985127 0.436362 0.0289097 0.211016 0.282068
26 0.404701 0.560517 0.0305136 0.235639 0.27641
