0 0.441922 0.55952 0.0899861 0.523085 0.901024
0 0.550217 0.562713 0.110288 0.498492 0.891701
0 0.365786 0.633799 0.104658 0.564431 0.872462
0 0.84976 0.44986 0.0581692 0.309374 0.847676
0 0.0558316 0.454577 0.0545635 0.249083 0.834659
0 0.251102 0.487268 0.0563046 0.26245 0.82111
0 0.805429 0.421347 0.040509 0.235057 0.795699
0 0.886693 0.457709 0.0395206 0.256414 0.766788
0 0.100037 0.481319 0.0341133 0.196842 0.763089
0 0.0142084 0.495042 0.0284169 0.168328 0.732629
0 0.306554 0.483765 0.0470531 0.262022 0.721203
0 0.988651 0.431842 0.0220104 0.220117 0.684561
26 0.401497 0.565396 0.0307321 0.225809 0.631809
0 0.0156489 0.402693 0.0292184 0.116406 0.505711
24 0.238459 0.444392 0.0306588 0.096644 0.471485
0 0.953239 0.423535 0.0333258 0.196959 0.466945
26 0.401778 0.60374 0.0311091 0.148607 0.389852
0 0.590907 0.405485 0.0340605 0.151566 0.30866
