0 0.442974 0.561469 0.0900999 0.530304 0.904574
0 0.553426 0.566022 0.107159 0.50196 0.900483
0 0.357984 0.63135 0.0975812 0.561593 0.862113
0 0.0556197 0.454719 0.0529403 0.249002 0.839928
0 0.251307 0.485365 0.0559542 0.266721 0.826478
0 0.851429 0.452237 0.055784 0.306256 0.794514
0 0.100126 0.482924 0.0340404 0.193571 0.791583
0 0.804845 0.430969 0.0414917 0.215677 0.783829
0 0.887128 0.46147 0.0370934 0.258977 0.745814
0 0.306566 0.482301 0.0463774 0.262789 0.654092
0 0.986205 0.432404 0.0269802 0.226342 0.647442
0 0.0129956 0.495109 0.0259911 0.170469 0.647427
0 0.952166 0.423116 0.0355778 0.196728 0.503148
26 0.393278 0.559385 0.0281441 0.236077 0.472062
0 0.0154517 0.401844 0.0303565 0.116712 0.438352
0 0.592585 0.405866 0.0319114 0.15678 0.286664
