0 0.443956 0.561247 0.0896959 0.531186 0.897618
0 0.554531 0.566116 0.10619 0.504778 0.894919
0 0.356594 0.624229 0.10671 0.551186 0.879645
0 0.0551229 0.454302 0.0527192 0.249038 0.83643
0 0.252086 0.484813 0.0561166 0.267016 0.834547
0 0.805067 0.431945 0.0442726 0.215478 0.791495
0 0.0998802 0.482911 0.0340984 0.192486 0.788034
0 0.851213 0.450438 0.0508846 0.303196 0.780532
0 0.887335 0.468863 0.0401115 0.270988 0.768278
0 0.984336 0.432113 0.0303364 0.228588 0.734842
0 0.306355 0.481616 0.0450308 0.264639 0.64378
0 0.952571 0.4225 0.0329742 0.196563 0.487298
0 0.0131736 0.483464 0.0263107 0.193845 0.411238
0 0.0153117 0.461232 0.0305054 0.238327 0.402538
24 0.239432 0.439187 0.0304267 0.095222 0.358463
0 0.593411 0.408504 0.0315797 0.162421 0.282592
