0 0.35529 0.621332 0.105775 0.5445 0.90811
0 0.445978 0.560322 0.0886536 0.532438 0.901802
0 0.55475 0.564406 0.104895 0.504767 0.901732
0 0.0542579 0.454774 0.054002 0.248433 0.845433
0 0.253176 0.484756 0.0566865 0.267436 0.836379
0 0.854115 0.450757 0.0527416 0.302207 0.807035
0 0.80534 0.432779 0.0455593 0.215352 0.801718
0 0.0993965 0.48149 0.0335824 0.192483 0.797946
0 0.888703 0.469504 0.0442596 0.27267 0.753367
0 0.983409 0.433644 0.032173 0.231036 0.730429
0 0.012233 0.489752 0.0244516 0.181086 0.474954
0 0.952061 0.421672 0.0322186 0.195662 0.474103
0 0.0139687 0.464421 0.0279374 0.230993 0.470888
0 0.3081 0.444621 0.0432057 0.194292 0.40852
26 0.386831 0.601726 0.0279158 0.145876 0.388663
0 0.594878 0.410534 0.0316396 0.166828 0.31594
24 0.24039 0.438599 0.0310639 0.0951314 0.308615
0 0.38605 0.447368 0.035248 0.0894112 0.304692
