0 0.449324 0.558484 0.0906543 0.535656 0.907831
0 0.351111 0.616532 0.104488 0.53665 0.906057
0 0.554268 0.563087 0.103165 0.505267 0.904282
0 0.0537185 0.456102 0.0526407 0.245413 0.851024
0 0.253262 0.484243 0.0564029 0.267726 0.825847
0 0.861211 0.454163 0.0613819 0.307732 0.808597
0 0.982156 0.434921 0.0346184 0.232924 0.766083
0 0.100434 0.480523 0.0368202 0.193561 0.754429
0 0.79946 0.433483 0.0364122 0.216544 0.652382
0 0.888955 0.463292 0.0461271 0.252311 0.587335
0 0.819976 0.415813 0.0282654 0.226629 0.563959
26 0.381866 0.599587 0.0306106 0.145431 0.537173
0 0.0109439 0.489928 0.0218878 0.179328 0.485792
0 0.306234 0.439524 0.0451575 0.183325 0.462026
24 0.240788 0.438117 0.0310147 0.0936728 0.425492
0 0.0147548 0.461587 0.0295096 0.235731 0.399115
0 0.59528 0.410103 0.0337261 0.170822 0.369918
0 0.385383 0.44995 0.0351169 0.0955304 0.322885
26 0.383231 0.560988 0.0328871 0.223121 0.285857
0 0.948742 0.423826 0.0363125 0.194331 0.282591
