0 0.452561 0.555198 0.0926661 0.542314 0.909014
0 0.553917 0.561964 0.103962 0.506592 0.905251
0 0.348726 0.614283 0.105182 0.539876 0.905039
0 0.0532192 0.456104 0.0532145 0.244946 0.848626
0 0.253472 0.486258 0.0558033 0.268611 0.814558
0 0.861566 0.455286 0.0597782 0.308974 0.804051
0 0.0972215 0.481998 0.0324796 0.191347 0.789432
0 0.981223 0.435882 0.0365545 0.233989 0.757324
0 0.798817 0.434294 0.0368811 0.215985 0.701623
0 0.0101069 0.491768 0.0202139 0.177524 0.678147
0 0.819859 0.416066 0.0271727 0.228227 0.600062
24 0.241079 0.440907 0.0303962 0.0958188 0.568485
0 0.0138228 0.404519 0.0276456 0.120218 0.506118
26 0.379705 0.5978 0.0307873 0.14492 0.458507
0 0.595906 0.410244 0.0347427 0.171704 0.431287
0 0.88974 0.461401 0.0432192 0.245989 0.336334
0 0.306199 0.429618 0.0426214 0.16432 0.31074
0 0.954502 0.423894 0.033704 0.192508 0.26173
0 0.891219 0.415579 0.0396587 0.149567 0.25922
