0 0.554403 0.561171 0.103832 0.508635 0.912873
0 0.456097 0.5542 0.0990401 0.542963 0.910035
0 0.345714 0.611949 0.105586 0.543139 0.894659
0 0.869721 0.454605 0.0713749 0.310171 0.861389
0 0.0521255 0.456763 0.0530604 0.243877 0.846591
0 0.254499 0.486281 0.0567497 0.268899 0.8258
0 0.979766 0.458414 0.0394272 0.275713 0.798337
0 0.0963773 0.481403 0.0319424 0.191398 0.780681
0 0.797421 0.435652 0.0367092 0.216156 0.739762
0 0.821078 0.417058 0.0283163 0.228765 0.622315
0 0.00999655 0.4933 0.0199931 0.17617 0.598915
26 0.376705 0.593356 0.0308271 0.141676 0.485125
0 0.0137759 0.406986 0.0275519 0.12312 0.458484
0 0.59726 0.40885 0.0341145 0.169489 0.396817
0 0.304509 0.425052 0.031603 0.154842 0.394668
24 0.241863 0.443092 0.0300757 0.0943671 0.318859
0 0.953959 0.43927 0.0298079 0.160873 0.295171
0 0.384882 0.454531 0.0356092 0.106911 0.279752
