0 0.456722 0.554088 0.102653 0.541253 0.903033
0 0.555814 0.560275 0.101488 0.511577 0.899685
0 0.343634 0.610592 0.104523 0.543023 0.892878
0 0.869517 0.454314 0.066087 0.309244 0.853295
0 0.0504752 0.457066 0.0521707 0.242771 0.846873
0 0.97928 0.458789 0.0404232 0.277653 0.823959
0 0.254277 0.486669 0.0554067 0.268652 0.800727
0 0.796458 0.436624 0.0359208 0.215905 0.749453
0 0.0960688 0.480188 0.0319223 0.19246 0.747394
0 0.822161 0.41692 0.031571 0.228759 0.696863
0 0.00964237 0.489463 0.0192235 0.182182 0.528001
26 0.375621 0.591336 0.0313397 0.138766 0.384152
0 0.59802 0.408994 0.0356447 0.169954 0.355922
0 0.304198 0.423372 0.0314497 0.156807 0.345726
24 0.2422 0.444353 0.0293735 0.091386 0.345144
0 0.0133058 0.410873 0.0266116 0.129642 0.332381
0 0.952978 0.441151 0.027673 0.156535 0.32446
26 0.377153 0.538856 0.0351514 0.24619 0.305814
0 0.384989 0.453802 0.035415 0.105146 0.255428
