0 0.106185 0.622539 0.211835 0.739667 0.950993
0 0.903652 0.653314 0.191248 0.678415 0.934385
0 0.401279 0.626338 0.159193 0.732627 0.9153
0 0.842896 0.417952 0.0480398 0.176075 0.843422
26 0.332495 0.791771 0.064157 0.181506 0.836881
0 0.338567 0.48758 0.0650225 0.354891 0.832725
0 0.518906 0.420711 0.0282198 0.182437 0.815603
0 0.217278 0.464439 0.0404126 0.219363 0.789618
26 0.466431 0.811763 0.0543688 0.221494 0.777424
26 0.963831 0.690789 0.0462872 0.402239 0.752037
0 0.471551 0.429517 0.0266166 0.185638 0.741725
0 0.556511 0.43784 0.0461451 0.231206 0.716996
0 0.0198966 0.413382 0.0215125 0.127426 0.575648
26 0.218751 0.765294 0.0956049 0.275336 0.534659
26 0.207643 0.652052 0.120839 0.494976 0.496617
0 0.17034 0.39674 0.0267111 0.0724603 0.466151
24 0.405415 0.429116 0.0826172 0.106321 0.333199
0 0.0387818 0.471082 0.0441802 0.234202 0.330494
26 0.964021 0.75669 0.0457569 0.276142 0.326103
26 0.98871 0.428558 0.0209633 0.057253 0.321944
26 0.988729 0.414979 0.0212864 0.0863422 0.285636
24 0.404206 0.480877 0.0872555 0.211084 0.2717
0 0.44489 0.382201 0.0297375 0.0947443 0.265211
