0 0.458185 0.555705 0.104916 0.545457 0.902665
0 0.556261 0.560322 0.100703 0.514505 0.897238
0 0.341756 0.611253 0.105116 0.545164 0.892509
0 0.0499645 0.456494 0.0517569 0.243666 0.84342
0 0.868734 0.452153 0.058226 0.312511 0.838838
0 0.254629 0.487074 0.0563512 0.271269 0.80821
0 0.978855 0.458697 0.0412441 0.276293 0.797089
0 0.795683 0.434696 0.037661 0.217212 0.782073
0 0.0959077 0.480621 0.0323838 0.191623 0.736053
0 0.822303 0.417123 0.0339691 0.229919 0.689911
0 0.00949717 0.494833 0.0189943 0.170125 0.603731
26 0.374982 0.542821 0.034307 0.237407 0.496932
0 0.0130984 0.414425 0.0261968 0.134646 0.465122
24 0.24224 0.446268 0.0299124 0.0955978 0.377236
0 0.600166 0.409116 0.0336479 0.169817 0.367401
26 0.374389 0.581821 0.0321186 0.158218 0.349213
0 0.304056 0.407092 0.0287397 0.125263 0.302121
0 0.385147 0.45259 0.0351806 0.103181 0.266357
