0 0.557006 0.560747 0.100281 0.517207 0.899465
0 0.459176 0.560305 0.107805 0.548302 0.897536
0 0.338389 0.612172 0.104703 0.540994 0.89524
0 0.0489377 0.456881 0.0512483 0.242865 0.83299
0 0.254278 0.487106 0.0572079 0.273256 0.81525
0 0.868483 0.451474 0.0556032 0.312728 0.805935
0 0.977795 0.459518 0.0434334 0.277214 0.78762
0 0.795796 0.435418 0.0402962 0.214974 0.754283
0 0.0960919 0.480931 0.0329188 0.191881 0.718694
0 0.821809 0.41802 0.0302906 0.226823 0.681274
0 0.00928915 0.496624 0.0185783 0.167136 0.639915
0 0.0115227 0.40481 0.0230134 0.111925 0.468529
26 0.371369 0.590188 0.0326152 0.141441 0.420926
0 0.600777 0.412517 0.0346668 0.174283 0.415597
26 0.371605 0.552258 0.0362727 0.222303 0.302429
0 0.0106784 0.47208 0.0213567 0.21839 0.257273
26 0.512565 0.531362 0.0250755 0.112551 0.252952
