0 0.461512 0.563794 0.110424 0.553522 0.903912
0 0.335922 0.612605 0.104186 0.538912 0.899118
0 0.559383 0.560904 0.0991756 0.517142 0.888995
0 0.0481021 0.455333 0.0528235 0.24584 0.828081
0 0.254298 0.487791 0.0574909 0.272007 0.813827
0 0.870599 0.450647 0.0565725 0.314339 0.797653
0 0.976845 0.458654 0.0453753 0.277426 0.770293
0 0.794733 0.433776 0.0383871 0.213843 0.762511
0 0.0960458 0.481148 0.0329377 0.19129 0.744077
0 0.821415 0.417852 0.030084 0.227641 0.70928
0 0.00932054 0.497242 0.0186411 0.16491 0.64331
0 0.0114278 0.404478 0.0227922 0.108398 0.457443
26 0.369796 0.591282 0.0323895 0.138872 0.423278
0 0.601138 0.412403 0.0330879 0.173734 0.377218
0 0.0116524 0.463864 0.0233048 0.233371 0.321228
26 0.369889 0.552657 0.0350297 0.221042 0.31924
26 0.514213 0.530689 0.0258011 0.10988 0.309505
24 0.24184 0.447206 0.0306888 0.0970367 0.26557
