0 0.462842 0.564859 0.110609 0.545514 0.893147
0 0.333704 0.616009 0.104943 0.538746 0.889818
0 0.563001 0.563938 0.111352 0.51634 0.880553
0 0.0473035 0.455074 0.0530138 0.244224 0.828215
0 0.254328 0.488415 0.0576972 0.270755 0.815934
0 0.875319 0.450682 0.0549328 0.316971 0.798517
0 0.975923 0.459081 0.0470425 0.280865 0.779783
0 0.792981 0.433425 0.0363462 0.214135 0.765888
0 0.0964319 0.480675 0.034136 0.193179 0.755081
0 0.822646 0.417887 0.0282024 0.226451 0.659169
0 0.00938138 0.499275 0.0187628 0.157868 0.592305
26 0.36712 0.593741 0.0319266 0.141442 0.484017
0 0.0106931 0.414242 0.0212787 0.12403 0.476857
0 0.602342 0.41254 0.0318897 0.172751 0.387468
24 0.241585 0.447531 0.0303968 0.0976798 0.315202
0 0.299788 0.399615 0.0226405 0.108041 0.286472
