0 0.465422 0.564912 0.112816 0.542688 0.887695
0 0.331777 0.61615 0.105874 0.532777 0.884645
0 0.569188 0.56606 0.102549 0.518913 0.873263
0 0.87732 0.452049 0.057382 0.316332 0.827838
0 0.0463036 0.454387 0.0545104 0.243286 0.826041
0 0.254186 0.488442 0.0571248 0.270527 0.819444
0 0.0965957 0.48022 0.0341269 0.19295 0.752889
0 0.972198 0.457134 0.0542789 0.278219 0.741523
0 0.792943 0.432159 0.0374817 0.214254 0.715278
0 0.822754 0.41831 0.0274683 0.224296 0.601137
0 0.00945506 0.496115 0.0189101 0.163912 0.580026
26 0.365648 0.595726 0.0321997 0.139553 0.412301
0 0.0100497 0.412378 0.0198944 0.1211 0.329597
0 0.298941 0.399244 0.0237848 0.108594 0.298112
0 0.84349 0.455955 0.0284817 0.2464 0.293855
0 0.0104567 0.462596 0.0209134 0.225834 0.289416
26 0.520123 0.528106 0.031437 0.114255 0.283331
0 0.60232 0.411369 0.0323059 0.17138 0.281157
0 0.532044 0.398656 0.0422466 0.116383 0.257829
26 0.0769867 0.4715 0.0173058 0.0532843 0.254423
