0 0.330894 0.617301 0.106041 0.530889 0.893529
0 0.46558 0.568833 0.111936 0.549622 0.888114
0 0.571487 0.569272 0.101719 0.518258 0.883661
0 0.046271 0.454388 0.053536 0.243538 0.822362
0 0.254242 0.488342 0.0561541 0.26995 0.820776
0 0.878693 0.453227 0.0603252 0.313926 0.812533
0 0.793138 0.432693 0.0373903 0.215889 0.755908
0 0.0971186 0.480397 0.0352103 0.191054 0.745303
0 0.973324 0.455829 0.0519897 0.278785 0.659328
0 0.00909663 0.490586 0.0181933 0.169437 0.606076
0 0.824655 0.4186 0.0303812 0.223365 0.532447
26 0.363301 0.594218 0.0295444 0.142513 0.488149
0 0.0100827 0.461023 0.0201655 0.226963 0.365024
0 0.84522 0.454344 0.0410393 0.243748 0.355436
0 0.603281 0.390209 0.0301509 0.130669 0.336082
0 0.29979 0.399141 0.0265999 0.113548 0.326987
0 0.53411 0.556189 0.0432099 0.439481 0.303149
0 0.534176 0.403165 0.0429859 0.125125 0.273651
24 0.242692 0.445519 0.0307995 0.0938736 0.263475
26 0.520858 0.526825 0.03208 0.118826 0.251747
26 0.0763686 0.474005 0.017991 0.0576545 0.251276
