0 0.328499 0.617183 0.104385 0.529006 0.888571
0 0.468498 0.574462 0.113718 0.556091 0.884777
0 0.570625 0.57241 0.100515 0.519852 0.866714
0 0.881141 0.45383 0.0597773 0.319361 0.834844
0 0.254788 0.487 0.0565978 0.272308 0.82547
0 0.0462318 0.4538 0.0526815 0.245683 0.825385
0 0.792749 0.432721 0.0388287 0.216016 0.753688
0 0.0969401 0.480777 0.0346824 0.189859 0.751912
0 0.841632 0.459828 0.0507162 0.237228 0.718775
0 0.973025 0.456682 0.04515 0.283032 0.671942
0 0.00942896 0.481715 0.0187679 0.186089 0.548269
0 0.436953 0.35988 0.0235584 0.0858344 0.477174
26 0.36088 0.594419 0.0285366 0.140608 0.43547
0 0.603944 0.38645 0.0298574 0.12503 0.394234
0 0.298875 0.397369 0.0266015 0.107105 0.378284
0 0.384401 0.444437 0.037505 0.0907784 0.344839
0 0.535884 0.556771 0.0462991 0.428508 0.336325
0 0.833914 0.420023 0.0449095 0.224455 0.326897
24 0.243128 0.443928 0.0313961 0.0945583 0.302118
