0 0.468356 0.572529 0.110933 0.555529 0.887097
0 0.327032 0.615205 0.102445 0.529335 0.881324
0 0.572243 0.573139 0.0961055 0.523773 0.879136
0 0.881477 0.454758 0.0628736 0.31951 0.851143
0 0.255085 0.485401 0.0566914 0.275373 0.818527
0 0.0465992 0.453105 0.0505515 0.247158 0.806808
0 0.0969071 0.480792 0.0345727 0.189607 0.759481
0 0.791597 0.432181 0.0387459 0.215742 0.706207
0 0.841224 0.461462 0.05341 0.23527 0.700225
0 0.968968 0.457047 0.0476585 0.283392 0.698765
0 0.0100953 0.482831 0.0201907 0.185998 0.581177
24 0.243405 0.44327 0.0318296 0.0943427 0.423671
0 0.538366 0.557661 0.0489814 0.422999 0.409281
0 0.384129 0.445234 0.0380101 0.0927554 0.383159
0 0.604498 0.38036 0.0292395 0.11288 0.378095
0 0.435011 0.364025 0.0246939 0.0944634 0.363504
26 0.359772 0.592748 0.0260444 0.140556 0.345139
0 0.297681 0.398877 0.0261769 0.110788 0.330208
0 0.00846586 0.379935 0.0169317 0.067416 0.260586
