0 0.47051 0.573934 0.110146 0.559748 0.893845
0 0.325627 0.613368 0.10196 0.525968 0.887607
0 0.577586 0.573134 0.0921922 0.530183 0.875065
0 0.882147 0.455136 0.0679777 0.316646 0.838179
0 0.254709 0.486319 0.0556111 0.273601 0.818812
0 0.0468391 0.454039 0.0491585 0.246984 0.788828
0 0.096795 0.480207 0.0339154 0.191799 0.748241
0 0.965076 0.45491 0.0464155 0.280721 0.746288
0 0.790758 0.432507 0.038818 0.21569 0.745864
0 0.840086 0.462647 0.0513966 0.230993 0.709006
0 0.00963321 0.486421 0.0191845 0.180551 0.614453
0 0.541244 0.558675 0.0528545 0.421225 0.537522
26 0.35448 0.589351 0.0307967 0.136881 0.531653
0 0.38405 0.445756 0.0383795 0.0924789 0.448062
0 0.430953 0.376477 0.0275086 0.120533 0.357958
0 0.991259 0.429313 0.0166447 0.283903 0.355544
0 0.605386 0.37118 0.0266609 0.0977904 0.326081
24 0.243626 0.44223 0.0316804 0.088818 0.295163
0 0.992265 0.400763 0.014847 0.210067 0.259762
