0 0.472061 0.570976 0.110081 0.557999 0.894968
0 0.581169 0.571614 0.0932985 0.529776 0.872184
0 0.32467 0.60943 0.100789 0.52161 0.868766
0 0.882385 0.455269 0.0694527 0.315351 0.860647
0 0.25474 0.486831 0.055252 0.274377 0.813158
0 0.963732 0.454542 0.0468918 0.281078 0.785395
0 0.0470316 0.452691 0.0475434 0.249678 0.769863
0 0.0969923 0.480273 0.0340287 0.190721 0.735316
0 0.790309 0.432509 0.0404706 0.213315 0.721497
0 0.840315 0.461188 0.0535221 0.235511 0.692977
0 0.542915 0.560989 0.0541214 0.427037 0.566384
26 0.352663 0.590149 0.0298595 0.134874 0.556425
0 0.0085629 0.483662 0.0170837 0.185685 0.535372
0 0.990426 0.40499 0.0181801 0.23573 0.48778
0 0.384101 0.443207 0.0384752 0.0872389 0.381639
24 0.244279 0.44353 0.0323988 0.0920444 0.304531
26 0.819427 0.465856 0.0204819 0.0637416 0.304345
0 0.430161 0.372468 0.0278992 0.111788 0.252775
