0 0.103018 0.623213 0.205339 0.738447 0.943794
0 0.900199 0.65542 0.194333 0.674145 0.930973
0 0.40431 0.627389 0.155678 0.72999 0.914735
0 0.337617 0.48918 0.0670607 0.355463 0.852514
0 0.519607 0.420622 0.0282027 0.181296 0.801478
0 0.217448 0.465509 0.041372 0.222562 0.798242
26 0.470894 0.817679 0.0548689 0.219012 0.795305
26 0.335379 0.799387 0.065758 0.184687 0.786338
26 0.958813 0.69173 0.0465656 0.394455 0.76759
0 0.843868 0.417615 0.0446087 0.175693 0.744015
0 0.558625 0.436814 0.049754 0.231444 0.72823
0 0.471466 0.42862 0.0268747 0.18318 0.721527
26 0.201458 0.651939 0.122306 0.492636 0.612688
0 0.987563 0.455048 0.0241026 0.171491 0.483837
0 0.170161 0.409266 0.034127 0.0954465 0.464535
26 0.212956 0.771257 0.0941525 0.272589 0.422164
24 0.407762 0.467663 0.0856304 0.182639 0.419076
0 0.0203792 0.409223 0.0209355 0.11918 0.405073
26 0.960059 0.758715 0.0456091 0.26569 0.398826
24 0.408692 0.44041 0.0821393 0.126463 0.380093
0 0.038241 0.464646 0.0457263 0.243735 0.315609
26 0.213883 0.831769 0.086976 0.147479 0.271614
