0 0.474957 0.57046 0.110864 0.560495 0.901887
0 0.323877 0.603013 0.1003 0.51445 0.8698
0 0.583859 0.570971 0.0956555 0.53257 0.869717
0 0.883695 0.457339 0.0694675 0.317667 0.859531
0 0.255107 0.487642 0.0548443 0.273762 0.830126
0 0.961486 0.455798 0.0510519 0.280642 0.822003
0 0.840038 0.459528 0.0526497 0.237698 0.80123
0 0.0475417 0.453159 0.0469497 0.249578 0.782224
0 0.0963763 0.479913 0.0333462 0.190639 0.746732
0 0.789652 0.43155 0.0409634 0.212227 0.723059
0 0.545489 0.561421 0.0556873 0.428287 0.539596
26 0.351957 0.588757 0.0295583 0.131909 0.526453
0 0.00840606 0.478714 0.0167538 0.195202 0.468803
0 0.989557 0.403129 0.0199104 0.22993 0.463496
0 0.38374 0.442097 0.0378838 0.0839543 0.428629
26 0.81801 0.469837 0.0227371 0.0561832 0.379166
0 0.296143 0.393404 0.0274908 0.0997031 0.335835
24 0.245259 0.443442 0.0329609 0.0915452 0.33096
0 0.428015 0.40047 0.0284029 0.166228 0.319637
