0 0.476206 0.569191 0.105625 0.564128 0.902967
0 0.58981 0.570382 0.102783 0.535607 0.890199
0 0.322247 0.599188 0.0988271 0.516952 0.88369
0 0.883709 0.457778 0.0725807 0.317895 0.859742
0 0.25556 0.489052 0.0539525 0.272795 0.835204
0 0.956864 0.456876 0.0575638 0.279743 0.83129
0 0.836778 0.457318 0.0520897 0.236462 0.798159
0 0.0468344 0.453481 0.0451872 0.249605 0.76856
0 0.0958975 0.479734 0.0341422 0.192174 0.758664
0 0.787364 0.433955 0.0404852 0.212956 0.736953
0 0.54895 0.562212 0.0533872 0.43278 0.615845
0 0.00837828 0.457037 0.0167566 0.238012 0.536085
26 0.350993 0.582494 0.0274206 0.132774 0.522281
26 0.813609 0.457681 0.0259872 0.0737989 0.493087
0 0.988456 0.400535 0.0225451 0.224765 0.464824
0 0.427182 0.402097 0.0303173 0.169085 0.392789
0 0.383749 0.444349 0.0378682 0.0888896 0.389477
24 0.245943 0.446653 0.033301 0.0936603 0.345754
0 0.292607 0.397893 0.0258355 0.0958842 0.303336
