0 0.478003 0.567188 0.105001 0.569015 0.903229
0 0.592925 0.571405 0.105325 0.536145 0.901171
0 0.321275 0.59836 0.0991292 0.519495 0.882149
0 0.88716 0.458472 0.0732063 0.318324 0.861272
0 0.954782 0.458028 0.0590422 0.278929 0.835943
0 0.255907 0.489855 0.0529448 0.27008 0.835261
0 0.833012 0.45625 0.0462471 0.237053 0.774755
0 0.0464957 0.454389 0.0456377 0.247116 0.767071
0 0.0963665 0.479131 0.0341356 0.192749 0.761199
0 0.785463 0.43456 0.0381214 0.213498 0.698634
0 0.551353 0.559865 0.0544126 0.43087 0.633801
0 0.00848757 0.455029 0.0169751 0.242348 0.540573
0 0.988392 0.399012 0.0226704 0.221006 0.525074
26 0.350195 0.579189 0.0267492 0.133705 0.444572
0 0.291528 0.396853 0.0279586 0.100128 0.372357
26 0.810788 0.458161 0.0250435 0.0627534 0.3662
0 0.383438 0.443939 0.0375728 0.0878818 0.345884
24 0.246152 0.447857 0.0336417 0.0978763 0.327753
0 0.422802 0.395688 0.0312984 0.154168 0.300319
