0 0.596842 0.570261 0.109909 0.538639 0.900057
0 0.479491 0.567323 0.0984449 0.572071 0.899513
0 0.320106 0.597812 0.0987173 0.516571 0.8804
0 0.256705 0.493502 0.0517631 0.269731 0.829561
0 0.954696 0.458789 0.0587788 0.278154 0.824214
0 0.891852 0.457529 0.0637505 0.321714 0.822706
0 0.0963864 0.478442 0.0331957 0.186903 0.772671
0 0.0466752 0.455753 0.044465 0.244542 0.772608
0 0.784382 0.435191 0.0390268 0.213977 0.745735
0 0.82771 0.453712 0.0381636 0.239331 0.722335
0 0.553013 0.557152 0.05529 0.432045 0.552852
26 0.349415 0.575385 0.0262454 0.137664 0.550778
0 0.00861179 0.460318 0.0172236 0.232677 0.509923
0 0.985899 0.408223 0.0274054 0.224576 0.498804
0 0.855704 0.419076 0.0286039 0.223362 0.422663
26 0.80762 0.455166 0.0237276 0.0622513 0.378132
0 0.290212 0.393397 0.0268999 0.0934947 0.374457
0 0.422383 0.395412 0.0325911 0.151331 0.353109
0 0.383311 0.447493 0.0393754 0.0942067 0.337717
24 0.24722 0.443085 0.0322056 0.0791066 0.269819
26 0.349884 0.538901 0.0279839 0.212117 0.262235
