0 0.480689 0.567047 0.0965813 0.570306 0.917143
0 0.599188 0.569365 0.114481 0.539344 0.910842
0 0.319277 0.597813 0.0993733 0.513367 0.876218
0 0.894094 0.457348 0.0653648 0.322742 0.837928
0 0.256292 0.493255 0.0512751 0.270468 0.83467
0 0.954622 0.458569 0.0581215 0.278595 0.821741
0 0.046361 0.455203 0.0446044 0.246018 0.784277
0 0.0962396 0.478465 0.0330514 0.186515 0.780189
0 0.783696 0.435187 0.0390457 0.21443 0.761523
0 0.824001 0.453501 0.0367764 0.241687 0.715132
0 0.555852 0.558731 0.0538229 0.43251 0.594858
26 0.349186 0.574744 0.0262352 0.137803 0.573568
0 0.854003 0.419494 0.0333141 0.230268 0.573237
0 0.00904385 0.488276 0.0180295 0.178383 0.521326
0 0.383022 0.447193 0.0400995 0.0944139 0.437788
0 0.289313 0.393012 0.025478 0.0906019 0.394477
0 0.419392 0.393693 0.0285952 0.144579 0.391486
0 0.986015 0.408161 0.0270767 0.242338 0.390857
26 0.804832 0.457087 0.0205555 0.0573737 0.377754
26 0.349474 0.539585 0.027458 0.21044 0.322422
24 0.246812 0.450139 0.0345134 0.0965969 0.282708
