0 0.482431 0.569439 0.0955608 0.568339 0.915031
0 0.6027 0.573239 0.117002 0.542846 0.914046
0 0.318146 0.598787 0.0991142 0.510977 0.880545
0 0.257001 0.493907 0.050841 0.272516 0.845781
0 0.896312 0.456017 0.061063 0.323475 0.838336
0 0.95405 0.458667 0.057686 0.278095 0.825305
0 0.0464303 0.455604 0.0450968 0.244785 0.790783
0 0.096371 0.477318 0.0335463 0.188368 0.764824
0 0.782589 0.434391 0.0398178 0.212986 0.757921
0 0.818736 0.454123 0.0416889 0.241212 0.733879
0 0.557275 0.560214 0.0558214 0.437696 0.577622
26 0.349062 0.575379 0.0268953 0.135789 0.560959
0 0.854289 0.420887 0.0362663 0.230032 0.541027
0 0.00949031 0.461508 0.0189806 0.2326 0.532382
0 0.985615 0.406629 0.0278841 0.242563 0.438962
0 0.382851 0.44541 0.0389079 0.0898285 0.420423
0 0.419107 0.397552 0.0282524 0.151394 0.39724
26 0.349359 0.539268 0.028778 0.209496 0.358227
0 0.288919 0.392137 0.0236639 0.0927778 0.348773
26 0.803729 0.455692 0.0191193 0.0562917 0.299987
