0 0.606476 0.574731 0.119039 0.543279 0.915884
0 0.48744 0.571644 0.0994947 0.563129 0.890664
0 0.315446 0.601986 0.0999224 0.506289 0.87389
0 0.952405 0.457817 0.0575092 0.276974 0.842364
0 0.898968 0.455553 0.0572105 0.32527 0.835091
0 0.258338 0.493398 0.0530409 0.27218 0.829567
0 0.0465523 0.455625 0.0460983 0.244518 0.79585
0 0.0962394 0.476286 0.0329571 0.191183 0.735445
0 0.817157 0.45468 0.0419202 0.239955 0.730293
0 0.779517 0.432566 0.0403378 0.210287 0.684889
0 0.559818 0.561864 0.0557997 0.449441 0.620412
26 0.348369 0.577364 0.0272918 0.135205 0.518748
0 0.857727 0.420557 0.0382103 0.228332 0.510813
0 0.00901634 0.485254 0.0180019 0.185873 0.487521
0 0.985099 0.41395 0.028858 0.252302 0.466707
26 0.800806 0.451147 0.0172663 0.0687484 0.442383
26 0.348359 0.542459 0.0284759 0.207022 0.410444
0 0.285934 0.387257 0.0250626 0.0876587 0.389447
0 0.381103 0.446152 0.0420417 0.0947628 0.316787
0 0.418162 0.392281 0.0257099 0.139739 0.272442
0 0.985858 0.541458 0.0273872 0.509544 0.251012
