0 0.608878 0.577596 0.120155 0.54385 0.911374
0 0.493063 0.573728 0.105363 0.572867 0.884921
0 0.313215 0.606554 0.100452 0.501493 0.875435
0 0.950714 0.457923 0.0538544 0.275679 0.829522
0 0.900094 0.45508 0.0555922 0.325817 0.826452
0 0.046838 0.454866 0.0457202 0.245791 0.797873
0 0.25856 0.492857 0.0517145 0.267586 0.792849
0 0.816741 0.454711 0.0393379 0.23976 0.733533
0 0.0955701 0.477571 0.0332694 0.1912 0.728944
0 0.77859 0.431308 0.038986 0.211922 0.679606
0 0.561266 0.563143 0.0549711 0.455894 0.63015
0 0.860703 0.41999 0.0416107 0.229739 0.551089
0 0.00824266 0.461768 0.0164853 0.230394 0.512295
0 0.985025 0.408055 0.0290108 0.238502 0.436303
26 0.347109 0.578816 0.0279726 0.13335 0.429403
26 0.797596 0.458041 0.0177245 0.0576428 0.418393
0 0.380876 0.438682 0.0423311 0.0922418 0.403263
26 0.799607 0.448039 0.0206472 0.083341 0.3808
0 0.285234 0.38793 0.0239096 0.0885152 0.353774
0 0.342181 0.410929 0.0348179 0.107422 0.296458
26 0.346956 0.544483 0.0296286 0.204082 0.292934
0 0.00718065 0.486492 0.0143286 0.181584 0.280006
26 0.797812 0.430243 0.0175064 0.115963 0.267878
