0 0.612286 0.57884 0.120183 0.542022 0.9044
0 0.499463 0.578517 0.109336 0.572664 0.890646
0 0.310437 0.609065 0.0948779 0.496915 0.878614
0 0.902447 0.455548 0.0548605 0.326187 0.824782
0 0.947457 0.456963 0.0482086 0.272859 0.797548
0 0.0465438 0.454519 0.0462375 0.245598 0.789288
0 0.26103 0.490644 0.0511654 0.267323 0.78849
0 0.813173 0.456313 0.0408539 0.23374 0.78713
0 0.094598 0.47759 0.0335743 0.191866 0.740503
0 0.777223 0.430888 0.0361261 0.213161 0.681121
0 0.564602 0.567332 0.0545271 0.456484 0.580509
26 0.343589 0.578964 0.030412 0.136654 0.547709
0 0.861698 0.419446 0.0352734 0.2279 0.52412
0 0.982397 0.401602 0.0342834 0.232206 0.514876
0 0.00746572 0.461624 0.0149314 0.230221 0.478709
0 0.340254 0.426813 0.0404073 0.138616 0.433051
0 0.433108 0.431401 0.0321095 0.0986554 0.399821
0 0.380663 0.440742 0.0434761 0.098556 0.321514
0 0.158289 0.366793 0.018827 0.054585 0.25487
