0 0.61457 0.581916 0.119731 0.545986 0.900244
0 0.499821 0.582021 0.10557 0.576518 0.894936
0 0.308565 0.606727 0.0944191 0.500978 0.8829
0 0.904169 0.457209 0.0539585 0.328327 0.823533
0 0.809943 0.456695 0.0484331 0.232986 0.800867
0 0.262244 0.489123 0.0524659 0.269677 0.780941
0 0.0465061 0.454614 0.0461353 0.245807 0.780703
0 0.946056 0.455478 0.0439129 0.273335 0.765849
0 0.0945934 0.477131 0.0334517 0.191904 0.742475
0 0.777038 0.43075 0.0364386 0.212058 0.66457
0 0.981068 0.423482 0.0370022 0.279466 0.639143
0 0.863359 0.417892 0.0355751 0.230111 0.606473
0 0.566629 0.568364 0.0536495 0.452839 0.551959
26 0.341382 0.581404 0.0296813 0.130454 0.547446
0 0.378151 0.46733 0.0498117 0.163012 0.526113
0 0.3404 0.436849 0.041322 0.159987 0.493925
0 0.00710347 0.462617 0.0142069 0.229273 0.459435
0 0.43389 0.43154 0.0335285 0.099912 0.343739
0 0.158313 0.366904 0.0192479 0.0546821 0.275899
