0 0.100499 0.625493 0.200323 0.734741 0.939227
0 0.896663 0.655309 0.193464 0.674275 0.931345
0 0.406569 0.625654 0.152661 0.733903 0.913252
0 0.337931 0.490036 0.0673957 0.356562 0.844745
0 0.217691 0.465866 0.0415877 0.222209 0.822202
26 0.473482 0.81507 0.0548244 0.224946 0.803799
26 0.337869 0.801167 0.0661063 0.189543 0.796507
0 0.559715 0.437071 0.0510796 0.230812 0.785707
0 0.52016 0.420421 0.0283916 0.180611 0.776309
0 0.842331 0.415274 0.0376671 0.177846 0.728643
0 0.471641 0.428298 0.0266811 0.180842 0.701436
0 0.171057 0.422684 0.0392639 0.121035 0.634065
26 0.962038 0.692491 0.0559401 0.392676 0.558203
26 0.210034 0.770814 0.0922663 0.286496 0.518506
26 0.189425 0.653026 0.137544 0.488868 0.450613
26 0.209435 0.838803 0.0870502 0.148948 0.43989
0 0.0208977 0.40076 0.0201489 0.103734 0.388306
26 0.957202 0.760337 0.0448542 0.259764 0.371759
24 0.41033 0.431334 0.083707 0.111075 0.355589
0 0.987569 0.449912 0.0241131 0.183898 0.319188
24 0.410373 0.464575 0.0872416 0.180002 0.309151
26 0.987552 0.426797 0.0236565 0.0554362 0.301098
0 0.00555323 0.402064 0.0110155 0.0700311 0.254266
