0 0.614462 0.584024 0.120756 0.547578 0.896535
0 0.501178 0.58225 0.10358 0.579071 0.88051
0 0.305942 0.606308 0.096686 0.500434 0.854909
0 0.905443 0.455971 0.0542006 0.327391 0.826837
0 0.0464013 0.454029 0.0457327 0.246004 0.782371
0 0.810436 0.458117 0.0521405 0.231271 0.778839
0 0.0947119 0.477316 0.0325671 0.190888 0.757735
0 0.944251 0.45415 0.0434187 0.272699 0.747703
0 0.980754 0.43245 0.0376894 0.297089 0.73823
0 0.262291 0.488088 0.0514875 0.272161 0.733077
0 0.776094 0.430966 0.036223 0.212145 0.677873
0 0.864646 0.418682 0.0377808 0.226322 0.622265
0 0.569894 0.567914 0.0483069 0.447714 0.600764
0 0.378001 0.465859 0.0502943 0.165371 0.577669
26 0.339284 0.581378 0.029491 0.134747 0.52178
0 0.340783 0.443798 0.0421672 0.176249 0.520711
0 0.00688155 0.48264 0.0137166 0.186588 0.458719
26 0.338993 0.555836 0.0307063 0.186467 0.450271
0 0.433872 0.429632 0.0348425 0.0965101 0.426735
0 0.158494 0.366873 0.0194201 0.0552896 0.312361
26 0.549246 0.551655 0.0249707 0.0931134 0.297236
0 0.00590298 0.393567 0.011806 0.0881462 0.292338
0 0.0222693 0.411602 0.0223767 0.12742 0.252326
