0 0.616075 0.585817 0.118202 0.548969 0.901277
0 0.302072 0.609052 0.0998551 0.492747 0.896473
0 0.503541 0.583893 0.0963949 0.588477 0.891284
0 0.911143 0.455789 0.0604748 0.326213 0.849776
0 0.808655 0.458589 0.0545954 0.233676 0.811673
0 0.0456193 0.45199 0.0451703 0.243642 0.788905
0 0.0948761 0.47688 0.0312385 0.188909 0.75836
0 0.979684 0.432733 0.0397934 0.295791 0.749409
0 0.942682 0.45345 0.0383638 0.271662 0.735277
0 0.864861 0.419219 0.0398663 0.225552 0.722989
0 0.773281 0.430031 0.0345558 0.211523 0.681369
0 0.377051 0.466483 0.0519683 0.167457 0.651539
26 0.334206 0.582256 0.0292418 0.133728 0.618609
0 0.0068065 0.490504 0.0135764 0.162914 0.530452
0 0.339895 0.444707 0.0441116 0.181746 0.489288
0 0.261682 0.42864 0.0489473 0.158992 0.480766
0 0.571474 0.565908 0.0512248 0.433682 0.474069
0 0.00617549 0.393573 0.012351 0.0867245 0.396612
0 0.158744 0.367149 0.0203948 0.0555868 0.387879
0 0.434852 0.432221 0.0361073 0.101554 0.355269
0 0.00703436 0.459603 0.0140687 0.222149 0.343258
0 0.570237 0.428627 0.0526978 0.158994 0.264426
