0 0.617534 0.586494 0.114937 0.551107 0.901145
0 0.5052 0.581787 0.0962116 0.588364 0.896584
0 0.301629 0.603087 0.0980782 0.499993 0.89627
0 0.914092 0.457429 0.0675537 0.325589 0.833133
0 0.0451848 0.452667 0.0456267 0.244431 0.810246
0 0.979461 0.432171 0.0402336 0.297081 0.77526
0 0.095094 0.476943 0.031262 0.189291 0.767084
0 0.807393 0.456523 0.0519211 0.231948 0.761359
0 0.864599 0.419367 0.0425823 0.226501 0.760068
0 0.770643 0.429162 0.0317415 0.210444 0.645691
0 0.941173 0.455163 0.0388248 0.274669 0.644852
0 0.378286 0.465209 0.0490724 0.167785 0.570491
26 0.330278 0.580011 0.030176 0.135493 0.540258
0 0.340707 0.455714 0.0460693 0.207095 0.510778
0 0.00665295 0.487859 0.0132615 0.166616 0.505506
0 0.573715 0.568833 0.0501951 0.433706 0.48805
0 0.261 0.428051 0.0475893 0.156022 0.466705
0 0.158914 0.367272 0.020906 0.0562551 0.42317
26 0.78494 0.458208 0.0173586 0.0578744 0.384233
0 0.00613411 0.393092 0.0122682 0.0859051 0.361923
0 0.434802 0.430391 0.0365318 0.097885 0.353233
0 0.139071 0.367747 0.0204832 0.0536145 0.268863
0 0.57254 0.43161 0.0507963 0.16077 0.255317
