0 0.61814 0.585356 0.110633 0.556238 0.899707
0 0.508575 0.580899 0.0977014 0.597404 0.894303
0 0.297891 0.59376 0.095219 0.497288 0.887348
0 0.918928 0.45769 0.066737 0.326221 0.882599
0 0.0447304 0.452737 0.0459769 0.243721 0.820717
0 0.978464 0.431005 0.0422733 0.29293 0.813029
0 0.0944224 0.47772 0.0313824 0.188568 0.768475
0 0.865965 0.420889 0.0441364 0.224341 0.735479
0 0.799821 0.443847 0.056851 0.210162 0.729583
26 0.328136 0.580079 0.0319344 0.130077 0.578468
0 0.770329 0.429208 0.0325777 0.206118 0.570891
0 0.342114 0.48566 0.0481904 0.271679 0.556105
0 0.00672323 0.490707 0.0133822 0.160683 0.519657
0 0.26036 0.424766 0.0439518 0.148096 0.496896
26 0.781091 0.450991 0.0223204 0.0737544 0.435922
0 0.378727 0.463919 0.0472928 0.169982 0.424932
0 0.578428 0.576162 0.0464975 0.450217 0.397747
0 0.00576473 0.393448 0.0115295 0.0867649 0.371138
0 0.434474 0.429761 0.0361262 0.0968127 0.360288
0 0.159555 0.367567 0.0199022 0.0562998 0.343086
0 0.0069471 0.459135 0.0138942 0.221615 0.342032
0 0.576375 0.431322 0.0474822 0.158576 0.251655
