0 0.512284 0.579782 0.099523 0.599835 0.900369
0 0.619876 0.583919 0.107849 0.558335 0.894646
0 0.295022 0.590405 0.0947156 0.495059 0.879879
0 0.920652 0.45921 0.0655256 0.324291 0.872191
0 0.976772 0.435998 0.0459976 0.299911 0.849767
0 0.0446614 0.451945 0.0466911 0.244374 0.824132
0 0.0941282 0.477745 0.0317885 0.187858 0.777719
0 0.795027 0.446342 0.0525433 0.21505 0.725371
0 0.866472 0.420622 0.0460278 0.227493 0.715664
0 0.340563 0.490491 0.0528379 0.28165 0.703404
0 0.768443 0.429576 0.0321274 0.204381 0.515359
0 0.00668118 0.489092 0.0133317 0.165538 0.431065
0 0.379798 0.462775 0.0467319 0.169207 0.400327
0 0.259066 0.424606 0.0413552 0.147893 0.396872
0 0.939333 0.421321 0.0287533 0.193485 0.393312
0 0.394493 0.371067 0.0224331 0.103234 0.390497
0 0.578546 0.426196 0.0453407 0.149948 0.387107
26 0.32574 0.579159 0.0302242 0.128298 0.377158
0 0.579174 0.570449 0.0453394 0.434589 0.371637
0 0.00682372 0.45625 0.0136359 0.212095 0.326299
0 0.434656 0.429661 0.0357183 0.0961424 0.267952
0 0.00574699 0.392956 0.011494 0.0847183 0.266742
26 0.778463 0.459969 0.0214293 0.0493794 0.263654
