0 0.515556 0.578347 0.102144 0.599754 0.900614
0 0.620245 0.581932 0.107243 0.561399 0.891308
0 0.294876 0.590722 0.0952113 0.492933 0.884226
0 0.921136 0.460028 0.0632637 0.324512 0.876663
0 0.976248 0.437259 0.0470062 0.301299 0.846369
0 0.0447639 0.451945 0.0473286 0.245532 0.822992
0 0.0935858 0.477802 0.0322445 0.188263 0.770667
0 0.339153 0.490001 0.0558008 0.282744 0.746299
0 0.866888 0.420238 0.0472128 0.227692 0.732217
0 0.791363 0.443109 0.0456379 0.2107 0.701061
0 0.767289 0.43149 0.0313347 0.206219 0.450076
0 0.00730927 0.482145 0.0145956 0.180346 0.43344
0 0.581444 0.569423 0.0441734 0.437434 0.371649
0 0.579952 0.425334 0.0430927 0.151059 0.360761
26 0.325001 0.575833 0.0301985 0.127807 0.3498
0 0.939274 0.419082 0.0288563 0.192874 0.337282
26 0.563572 0.566263 0.0277369 0.093665 0.292701
0 0.258886 0.422785 0.0395766 0.142905 0.277257
26 0.0742203 0.483246 0.0193393 0.0529466 0.268332
0 0.380794 0.462784 0.0444989 0.167958 0.266492
0 0.382876 0.432325 0.041044 0.104732 0.260054
