0 0.623029 0.574921 0.103714 0.556671 0.897091
0 0.521266 0.576925 0.10812 0.600047 0.894741
0 0.921766 0.460758 0.0611708 0.32453 0.878634
0 0.291962 0.59375 0.0951549 0.484818 0.877139
0 0.973551 0.436392 0.0521349 0.302575 0.836488
0 0.0445402 0.452279 0.0478421 0.245615 0.828014
0 0.0928855 0.477153 0.0317777 0.188054 0.783555
0 0.339545 0.49029 0.0563645 0.284967 0.761065
0 0.867993 0.419728 0.0495068 0.229571 0.696347
0 0.788964 0.439461 0.0377148 0.209314 0.622512
0 0.0070683 0.490209 0.0140857 0.168906 0.496143
0 0.442214 0.461241 0.0498967 0.157934 0.394451
0 0.386318 0.370579 0.0339765 0.101518 0.388697
0 0.383187 0.435542 0.0397017 0.10406 0.365798
0 0.583431 0.415884 0.0419836 0.135591 0.36081
0 0.00760202 0.460249 0.0150979 0.215829 0.271026
0 0.76663 0.432134 0.0324972 0.207746 0.267569
26 0.321649 0.540188 0.0317449 0.190955 0.257317
26 0.322364 0.570551 0.0287966 0.126603 0.255882
