0 0.623925 0.577008 0.1024 0.565164 0.899616
0 0.524648 0.576236 0.113333 0.601807 0.897127
0 0.922125 0.460019 0.0596354 0.326446 0.877035
0 0.289968 0.590983 0.0958508 0.489201 0.876786
0 0.973544 0.436832 0.0509981 0.300515 0.834116
0 0.0442165 0.452667 0.0486921 0.24506 0.82801
0 0.340926 0.490475 0.0538948 0.283472 0.792926
0 0.0919771 0.477574 0.0321384 0.183674 0.75373
0 0.785605 0.438187 0.0356316 0.210631 0.644116
0 0.868281 0.419237 0.0501335 0.229976 0.637363
0 0.00728907 0.487346 0.014568 0.166875 0.561211
0 0.442594 0.461885 0.0504257 0.160103 0.524991
0 0.390101 0.371049 0.0235946 0.0989372 0.504207
26 0.769284 0.451621 0.0246288 0.059559 0.435378
0 0.383197 0.436245 0.0385439 0.102073 0.355192
0 0.586229 0.567952 0.0390208 0.44352 0.298199
0 0.00540701 0.388705 0.010814 0.0719377 0.251532
