0 0.527055 0.577554 0.117784 0.605464 0.905907
0 0.626505 0.578697 0.100319 0.56991 0.894993
0 0.287219 0.592597 0.0957238 0.487908 0.887822
0 0.924045 0.459964 0.0579983 0.328891 0.835735
0 0.0439987 0.452674 0.0478896 0.24474 0.828856
0 0.34094 0.491271 0.0555096 0.282553 0.805045
0 0.970242 0.43751 0.051366 0.297776 0.796706
0 0.0914632 0.476874 0.0312162 0.181716 0.760887
0 0.873664 0.418671 0.0515301 0.224934 0.724921
0 0.78156 0.438653 0.0387349 0.206841 0.716689
0 0.00735136 0.479491 0.01464 0.183037 0.544181
0 0.442564 0.461874 0.0505001 0.160486 0.483366
0 0.387912 0.37061 0.0228033 0.0964818 0.472594
0 0.384269 0.436603 0.0358535 0.10076 0.434781
26 0.765917 0.458499 0.0260292 0.0496082 0.392475
26 0.318243 0.566276 0.0312789 0.133559 0.377336
26 0.073851 0.484888 0.0183958 0.0502406 0.315128
0 0.0222951 0.412061 0.0225889 0.129619 0.262398
