0 0.528862 0.581248 0.122181 0.610508 0.900825
0 0.285765 0.590836 0.0948105 0.489113 0.894712
0 0.629359 0.580074 0.102016 0.572313 0.884318
0 0.0433762 0.452725 0.0479619 0.24413 0.821215
0 0.340944 0.492715 0.0560394 0.28231 0.818087
0 0.927938 0.461256 0.0585499 0.327766 0.781814
0 0.0910618 0.475592 0.0335476 0.186319 0.748398
0 0.779842 0.438889 0.0369473 0.205458 0.726339
0 0.971549 0.439338 0.0449623 0.297731 0.667858
0 0.386243 0.372184 0.02314 0.0996538 0.561141
0 0.00713288 0.477347 0.0142358 0.179958 0.553799
0 0.873093 0.419047 0.0454424 0.223577 0.547812
0 0.442608 0.461099 0.0505093 0.159792 0.462486
0 0.989716 0.425359 0.0196657 0.237753 0.455577
0 0.384827 0.435961 0.0350585 0.0995426 0.421819
26 0.0739456 0.48512 0.0188307 0.0496646 0.400515
26 0.573847 0.563882 0.0307774 0.0745217 0.35701
26 0.763271 0.459251 0.0256963 0.051855 0.321946
26 0.317003 0.528033 0.0336352 0.210036 0.319518
26 0.317137 0.559306 0.0314501 0.148989 0.294256
