0 0.098162 0.625637 0.195517 0.732013 0.938056
0 0.894096 0.658882 0.194385 0.667501 0.929748
0 0.409225 0.622959 0.152761 0.738754 0.911907
0 0.338612 0.4918 0.0664108 0.357261 0.854715
0 0.560199 0.436556 0.0520195 0.231402 0.815212
0 0.218807 0.465309 0.0422759 0.219792 0.812538
26 0.47624 0.81374 0.0555456 0.224768 0.787384
26 0.339615 0.80209 0.0668732 0.191636 0.783798
0 0.520793 0.42053 0.0283354 0.180297 0.777496
0 0.844913 0.411044 0.0362717 0.174008 0.715177
0 0.471711 0.428027 0.0265007 0.179675 0.684452
0 0.171932 0.42956 0.0406025 0.133848 0.612493
26 0.20449 0.775623 0.0977478 0.29166 0.57778
26 0.957681 0.687692 0.0540516 0.406501 0.549668
26 0.184268 0.667094 0.138907 0.50775 0.494317
0 0.987149 0.451243 0.0249569 0.182013 0.462265
0 0.0214222 0.402266 0.0197223 0.107227 0.317496
24 0.412061 0.427429 0.0856583 0.117673 0.297635
24 0.413821 0.450533 0.0947467 0.160004 0.274453
26 0.953391 0.761018 0.0430178 0.270775 0.256593
0 0.00574096 0.401844 0.0113573 0.069334 0.25148
