0 0.284404 0.590016 0.0949861 0.491755 0.90294
0 0.530558 0.583721 0.124078 0.612064 0.892003
0 0.634224 0.584519 0.104248 0.571916 0.873178
0 0.0431532 0.453343 0.0501765 0.241896 0.821222
0 0.929129 0.463258 0.0601603 0.325947 0.807859
0 0.342074 0.493709 0.0580164 0.282732 0.792866
0 0.777232 0.439249 0.0396885 0.202632 0.757194
0 0.0910228 0.475548 0.0335395 0.18638 0.747464
0 0.969561 0.423618 0.0423326 0.266216 0.615247
0 0.875633 0.419549 0.0422379 0.224156 0.612033
0 0.00736664 0.47838 0.0146847 0.177298 0.562789
0 0.442939 0.461679 0.0512075 0.160891 0.514171
0 0.385533 0.372099 0.0264493 0.0977174 0.497182
0 0.385251 0.4367 0.0341969 0.095722 0.43589
26 0.315982 0.562671 0.0301571 0.143548 0.393926
26 0.76145 0.460518 0.0249237 0.0562028 0.389101
0 0.987335 0.431599 0.0242504 0.256563 0.364569
26 0.761148 0.446486 0.0250374 0.0844026 0.33845
26 0.0738798 0.485571 0.018516 0.0490039 0.337233
26 0.31454 0.528603 0.0345501 0.210961 0.325255
26 0.576003 0.558708 0.0329142 0.0833666 0.285793
