0 0.282056 0.589539 0.095579 0.492071 0.895812
0 0.53397 0.584558 0.127323 0.610057 0.889181
0 0.642688 0.588154 0.111149 0.572159 0.871085
0 0.933693 0.462082 0.0601696 0.329515 0.820069
0 0.346602 0.494445 0.0509566 0.281396 0.819528
0 0.0415137 0.453845 0.0510656 0.241312 0.802578
0 0.0909812 0.47536 0.033671 0.186484 0.764876
0 0.774628 0.441776 0.0371336 0.197899 0.697919
0 0.878784 0.417914 0.0387798 0.222742 0.674087
0 0.00740169 0.480167 0.0148034 0.176081 0.598598
0 0.966303 0.407454 0.0413853 0.23439 0.57567
0 0.98503 0.440127 0.0288734 0.270754 0.541531
0 0.443521 0.461909 0.0525478 0.16107 0.531129
0 0.38559 0.435659 0.0335755 0.0921821 0.467858
26 0.758226 0.459675 0.0263706 0.0615146 0.446638
26 0.31549 0.570941 0.0288854 0.128661 0.402369
0 0.382146 0.37176 0.0262401 0.0954592 0.389507
26 0.581007 0.557509 0.0351751 0.0921894 0.340644
26 0.314264 0.533009 0.0307225 0.204429 0.336022
0 0.910222 0.427679 0.0284679 0.216494 0.314327
26 0.0732136 0.485248 0.0176002 0.0497663 0.290839
