0 0.281063 0.590622 0.0968416 0.491525 0.892569
0 0.534987 0.585066 0.127171 0.606239 0.887417
0 0.647624 0.587501 0.114694 0.572298 0.872803
0 0.347408 0.494664 0.0520965 0.282117 0.842955
0 0.0403136 0.454309 0.0511448 0.239555 0.812841
0 0.937245 0.462252 0.0561569 0.328329 0.806735
0 0.0905002 0.474719 0.034058 0.187742 0.746929
0 0.00719755 0.476445 0.0143951 0.183078 0.627651
0 0.880954 0.419171 0.0391336 0.224322 0.626084
0 0.769129 0.443338 0.0467724 0.200233 0.624744
0 0.964856 0.4325 0.0394054 0.279084 0.538248
0 0.443856 0.461684 0.0530203 0.160856 0.507843
26 0.313476 0.536211 0.0306201 0.203857 0.456103
0 0.983715 0.435634 0.0316353 0.265296 0.455314
26 0.755731 0.463388 0.0257732 0.0593507 0.406031
0 0.912098 0.44826 0.03269 0.25991 0.395554
0 0.385538 0.435426 0.0344217 0.0906772 0.386957
0 0.378396 0.371136 0.0239963 0.0935567 0.38607
26 0.314054 0.570799 0.0295433 0.133749 0.363115
0 0.599979 0.572224 0.0498198 0.491313 0.354933
26 0.0730855 0.485163 0.0173383 0.0493223 0.304839
26 0.583015 0.560491 0.0337976 0.0903867 0.302818
0 0.164058 0.36668 0.0211453 0.0568459 0.251677
