0 0.538942 0.595563 0.129746 0.622013 0.896158
0 0.279478 0.590039 0.0962546 0.489719 0.893062
0 0.650204 0.594198 0.111314 0.576674 0.878424
0 0.349991 0.494015 0.0540525 0.284446 0.866001
0 0.0384366 0.456392 0.0521621 0.235905 0.820146
0 0.940632 0.460016 0.0568985 0.334254 0.794556
0 0.0897574 0.475794 0.0325489 0.186125 0.734561
0 0.00780463 0.475511 0.0156093 0.184853 0.615626
0 0.769654 0.446354 0.0430355 0.194244 0.610705
0 0.90937 0.450517 0.0312294 0.270756 0.586528
0 0.880768 0.417576 0.0354225 0.225176 0.572343
0 0.983687 0.430905 0.031813 0.249026 0.568476
0 0.444179 0.461951 0.0533468 0.161688 0.548124
26 0.75058 0.45945 0.0264374 0.0631268 0.426929
26 0.312511 0.573114 0.0293876 0.130175 0.422331
0 0.375949 0.369423 0.0241251 0.0904577 0.411416
0 0.964317 0.408347 0.0350681 0.232942 0.401536
26 0.0725994 0.485254 0.0177494 0.0499234 0.338975
0 0.38698 0.433746 0.0313745 0.0968505 0.332944
0 0.600284 0.572419 0.0510502 0.471707 0.320269
26 0.312704 0.538589 0.0299485 0.200626 0.316863
