0 0.278505 0.590534 0.0959825 0.485215 0.895239
0 0.539791 0.593636 0.130362 0.616295 0.894826
0 0.650006 0.593029 0.108408 0.576624 0.882796
0 0.351256 0.493549 0.0564291 0.286109 0.874701
0 0.942294 0.459678 0.0628193 0.33626 0.819011
0 0.0379219 0.459002 0.0519709 0.229351 0.817012
0 0.0897916 0.475424 0.0330075 0.186729 0.745467
0 0.984315 0.422935 0.0304869 0.235686 0.68851
0 0.908722 0.451994 0.0318193 0.268144 0.672351
0 0.766254 0.442887 0.0457998 0.201036 0.626209
0 0.0081657 0.475192 0.0163314 0.185813 0.625646
0 0.444171 0.46245 0.0529812 0.162117 0.599897
0 0.880969 0.41772 0.0347225 0.224098 0.525133
26 0.7481 0.46277 0.0245253 0.0493226 0.455513
0 0.602206 0.570359 0.0608704 0.465335 0.433103
26 0.310921 0.573185 0.0280949 0.131147 0.399235
0 0.963922 0.402277 0.03242 0.226409 0.394816
0 0.372931 0.367802 0.0253338 0.0888226 0.384873
26 0.0724257 0.485287 0.017781 0.0503147 0.285684
0 0.388548 0.43227 0.0285709 0.0928239 0.283696
26 0.311333 0.541174 0.0290245 0.195799 0.25185
