0 0.541634 0.594148 0.131025 0.618073 0.907547
0 0.277639 0.592068 0.0948068 0.483267 0.894101
0 0.651555 0.597662 0.108033 0.57496 0.886743
0 0.351518 0.493753 0.0578492 0.287446 0.880009
0 0.944004 0.459789 0.0635407 0.337885 0.819415
0 0.0375791 0.458293 0.0509334 0.230919 0.78827
0 0.0900067 0.475444 0.033337 0.186612 0.735819
0 0.764343 0.439613 0.042835 0.207409 0.70216
0 0.984768 0.427854 0.0296047 0.24207 0.647418
0 0.906997 0.452567 0.0338829 0.26532 0.636304
0 0.444493 0.461767 0.0538815 0.161705 0.622979
0 0.00807768 0.471892 0.0161554 0.19228 0.621204
0 0.880846 0.417853 0.0379704 0.222705 0.50868
26 0.745631 0.460333 0.0249286 0.0516852 0.506097
0 0.373078 0.368467 0.0272358 0.0918802 0.450003
26 0.746855 0.453045 0.0246517 0.0680239 0.365975
26 0.308899 0.572341 0.0273685 0.134096 0.261482
0 0.144454 0.368818 0.0194438 0.0552617 0.252086
