0 0.658519 0.598061 0.110218 0.5855 0.909568
0 0.542421 0.594018 0.130658 0.624754 0.90929
0 0.277849 0.589874 0.092477 0.480269 0.882267
0 0.353423 0.492806 0.0584873 0.287547 0.865588
0 0.945742 0.45733 0.0624191 0.342996 0.845632
0 0.0371062 0.456407 0.0496997 0.231988 0.798849
0 0.904618 0.453929 0.0423475 0.265179 0.736014
0 0.089058 0.47563 0.0331276 0.18521 0.734408
0 0.444069 0.461643 0.0542608 0.162454 0.667782
0 0.984805 0.455995 0.0295219 0.295587 0.65983
0 0.759345 0.439279 0.0393819 0.208468 0.658731
0 0.00833628 0.472618 0.0166726 0.190658 0.650393
26 0.741202 0.452258 0.0233809 0.0544599 0.410625
0 0.369442 0.367057 0.0283189 0.090139 0.384529
26 0.306305 0.572281 0.0268759 0.126663 0.346519
0 0.60357 0.585439 0.0477285 0.447676 0.27571
0 0.145709 0.368997 0.0195593 0.0554351 0.268316
0 0.984982 0.552595 0.0289822 0.493524 0.259149
0 0.60289 0.373622 0.0270882 0.0922434 0.25122
