0 0.542796 0.593838 0.128244 0.627855 0.913246
0 0.662514 0.597692 0.112792 0.585673 0.910772
0 0.277805 0.586492 0.0910309 0.483425 0.876289
0 0.35429 0.493178 0.0560707 0.287794 0.864828
0 0.944473 0.456261 0.0661533 0.341955 0.852365
0 0.0352315 0.45699 0.0516818 0.230557 0.794577
0 0.903486 0.455262 0.0454109 0.261564 0.773766
0 0.0878795 0.475695 0.0340513 0.185945 0.726639
0 0.752961 0.439291 0.0374088 0.205586 0.725917
0 0.984316 0.45664 0.0304842 0.295776 0.696431
0 0.444143 0.461257 0.0543914 0.161669 0.689583
0 0.00840316 0.475699 0.0168063 0.185864 0.637279
26 0.738655 0.455443 0.0249601 0.0468894 0.422652
26 0.304882 0.571155 0.0277604 0.12662 0.366063
0 0.366883 0.365792 0.0315742 0.088878 0.365805
26 0.305475 0.543774 0.0305567 0.182025 0.298198
0 0.0139456 0.473144 0.0234109 0.194328 0.29346
0 0.605022 0.586096 0.0431063 0.482072 0.259026
