0 0.666729 0.596779 0.116581 0.590608 0.912094
0 0.543224 0.593068 0.124317 0.63041 0.904704
0 0.27806 0.582573 0.0903833 0.476202 0.895444
0 0.945572 0.456278 0.0710903 0.340663 0.873978
0 0.356435 0.491473 0.0549111 0.291789 0.863031
0 0.902265 0.455574 0.0470432 0.260902 0.807588
0 0.0344633 0.454893 0.0524685 0.233821 0.801628
0 0.0857837 0.475414 0.0384276 0.185833 0.707724
0 0.444692 0.461258 0.0552032 0.161881 0.681265
0 0.752849 0.436908 0.0346735 0.208354 0.659948
0 0.984133 0.457259 0.0307697 0.298068 0.648394
0 0.00835493 0.475853 0.0167099 0.185201 0.631492
26 0.304552 0.561256 0.0287851 0.143066 0.398924
0 0.608615 0.582678 0.0431074 0.448135 0.389591
26 0.736469 0.455351 0.0233198 0.0441518 0.345196
0 0.146504 0.368812 0.0180398 0.0551256 0.325609
0 0.0125448 0.472794 0.0224909 0.194781 0.295132
0 0.365607 0.363497 0.0345279 0.084894 0.254214
0 0.0639095 0.394919 0.0176419 0.0905397 0.252793
