0 0.672023 0.595195 0.121024 0.592068 0.907311
0 0.543833 0.592052 0.118671 0.633565 0.901291
0 0.277265 0.579257 0.0896153 0.472641 0.887632
0 0.947109 0.458796 0.0754564 0.342714 0.863855
0 0.90211 0.456032 0.046797 0.261396 0.838927
0 0.357739 0.49154 0.0550809 0.294147 0.838795
0 0.0343915 0.454025 0.0538216 0.232539 0.808718
0 0.0866377 0.474898 0.0374154 0.186215 0.723191
0 0.0085606 0.47928 0.0171212 0.181075 0.653664
0 0.983515 0.45643 0.0321205 0.29735 0.652205
0 0.445028 0.461393 0.0556372 0.162393 0.617334
0 0.614711 0.57818 0.0482026 0.467458 0.592869
0 0.749843 0.436089 0.0340408 0.208027 0.564606
26 0.303112 0.563354 0.0265933 0.12802 0.437456
0 0.147279 0.369956 0.0191483 0.0516618 0.354689
0 0.764312 0.42952 0.0216154 0.203652 0.317598
0 0.0640016 0.392865 0.0177533 0.0878442 0.287053
26 0.732011 0.454213 0.0203784 0.0439716 0.261049
