0 0.094269 0.628471 0.187516 0.724622 0.929906
0 0.886112 0.662385 0.193246 0.660712 0.924368
0 0.416142 0.619762 0.151469 0.746239 0.907615
0 0.340616 0.495693 0.065482 0.361123 0.877137
26 0.343338 0.794862 0.0678593 0.206899 0.816366
26 0.479903 0.808716 0.0554579 0.22528 0.788806
0 0.559818 0.437382 0.0495342 0.23056 0.787876
0 0.521466 0.41991 0.0283366 0.179843 0.78155
0 0.219143 0.467038 0.041068 0.21755 0.773833
0 0.172921 0.455677 0.0417305 0.184957 0.680092
26 0.946807 0.694099 0.0460567 0.392674 0.676389
0 0.471815 0.427615 0.0258059 0.178487 0.596441
26 0.184082 0.670898 0.126279 0.500245 0.515095
26 0.197868 0.859756 0.085357 0.143351 0.481204
0 0.987796 0.430831 0.0235191 0.223312 0.472787
26 0.200089 0.783364 0.0933596 0.298081 0.448787
0 0.0222441 0.404684 0.0203465 0.113608 0.377675
0 0.98966 0.55553 0.0198303 0.471435 0.343064
0 0.896385 0.390265 0.0361389 0.154315 0.310625
24 0.418039 0.462762 0.0951331 0.202919 0.296982
0 0.887115 0.33028 0.0178509 0.0360204 0.280197
0 0.00543671 0.403792 0.0106706 0.0681728 0.275391
24 0.414113 0.420583 0.0836007 0.115444 0.26523
