0 0.676401 0.592737 0.122951 0.596247 0.912654
0 0.545394 0.590502 0.116787 0.635406 0.895268
0 0.276455 0.579348 0.0886402 0.474719 0.885517
0 0.949138 0.461842 0.0707066 0.339623 0.866801
0 0.359474 0.490638 0.055967 0.295378 0.83939
0 0.90182 0.455852 0.0471436 0.262523 0.82292
0 0.0341278 0.453755 0.0542145 0.231736 0.810278
0 0.086083 0.474713 0.0365526 0.185651 0.729493
0 0.616121 0.577646 0.0494482 0.466866 0.704559
0 0.00843266 0.481613 0.0168653 0.176617 0.659719
0 0.746131 0.4367 0.035816 0.207755 0.647094
0 0.982994 0.455864 0.0331879 0.297783 0.578918
0 0.445384 0.46123 0.0548874 0.162337 0.577851
0 0.762823 0.431029 0.0211723 0.205452 0.41042
26 0.302544 0.561492 0.0261596 0.128374 0.409232
0 0.147261 0.369623 0.018892 0.0516001 0.365596
0 0.0649202 0.392648 0.0172448 0.0883004 0.298648
0 0.60046 0.378277 0.0261378 0.108388 0.260735
