0 0.680512 0.593008 0.126912 0.595491 0.914298
0 0.546165 0.588411 0.111083 0.637728 0.907069
0 0.275594 0.578056 0.0876983 0.476725 0.889613
0 0.955126 0.466213 0.0690622 0.335052 0.848005
0 0.361026 0.492163 0.0580734 0.296297 0.834088
0 0.033833 0.453302 0.0526407 0.232985 0.813254
0 0.900881 0.455235 0.047937 0.265133 0.8075
0 0.0857362 0.473217 0.0410056 0.18464 0.737482
0 0.00840785 0.483346 0.0168157 0.172856 0.654977
0 0.446477 0.46232 0.0553517 0.162575 0.639735
0 0.745314 0.435952 0.0367851 0.206727 0.613063
0 0.620211 0.578845 0.0513851 0.476757 0.571338
26 0.302271 0.558745 0.0252899 0.124602 0.508138
0 0.982349 0.452044 0.0338245 0.294271 0.474574
0 0.761204 0.429936 0.0223442 0.201395 0.461779
0 0.147359 0.369239 0.0186972 0.0516273 0.371904
0 0.0663547 0.389356 0.0186794 0.0812063 0.335687
0 0.601343 0.376857 0.0253353 0.100834 0.309874
26 0.302063 0.522554 0.025497 0.198301 0.29628
0 0.122258 0.373691 0.0154656 0.0437848 0.251276
