0 0.546943 0.586862 0.10813 0.634733 0.910945
0 0.68327 0.592834 0.128802 0.600151 0.902658
0 0.274731 0.578351 0.0881377 0.475368 0.890616
0 0.36232 0.493401 0.0579226 0.296466 0.843768
0 0.959866 0.466122 0.064938 0.335291 0.842388
0 0.0331446 0.452806 0.051618 0.233999 0.807001
0 0.899322 0.454113 0.0488552 0.264019 0.791974
0 0.0863252 0.472807 0.0410648 0.18595 0.712876
0 0.626361 0.581527 0.0541695 0.491113 0.69969
0 0.447494 0.462242 0.0567683 0.163328 0.642855
0 0.742445 0.436738 0.036624 0.20323 0.638421
0 0.00867706 0.482417 0.0173541 0.174149 0.634972
26 0.301684 0.558599 0.0247599 0.12474 0.501773
0 0.759186 0.431498 0.0228296 0.203246 0.464458
26 0.607407 0.571506 0.0216154 0.0886098 0.391149
0 0.147674 0.369354 0.0190256 0.0516203 0.36404
0 0.0669509 0.38894 0.0181442 0.0802977 0.352627
26 0.301364 0.52208 0.0252083 0.198943 0.340987
0 0.601379 0.378256 0.0256136 0.102654 0.326807
0 0.936859 0.423939 0.0318375 0.273099 0.307422
0 0.123078 0.372067 0.0169617 0.0470256 0.304892
