0 0.548548 0.590294 0.106 0.6404 0.910304
0 0.685255 0.595152 0.130648 0.607036 0.896389
0 0.272762 0.579107 0.0872955 0.474467 0.887552
0 0.363061 0.494109 0.0570666 0.295698 0.86241
0 0.0335029 0.453342 0.052913 0.234386 0.810624
0 0.898507 0.451882 0.0490913 0.262234 0.800309
0 0.960885 0.464079 0.0694397 0.34167 0.793123
0 0.0877612 0.472071 0.0384404 0.184093 0.697617
0 0.627286 0.58051 0.0604916 0.501482 0.695257
0 0.446553 0.462168 0.0542354 0.162786 0.595461
0 0.00879344 0.480247 0.0175869 0.178747 0.582765
0 0.744608 0.436804 0.043795 0.196725 0.57152
26 0.300547 0.559273 0.0243344 0.122275 0.42472
26 0.300665 0.519969 0.0263081 0.201749 0.421724
0 0.757936 0.429355 0.0231839 0.198181 0.40678
0 0.935753 0.436513 0.0343037 0.294416 0.358159
26 0.607855 0.570694 0.0230817 0.0869429 0.318654
0 0.0668783 0.392185 0.0191898 0.0874388 0.317302
0 0.147742 0.369393 0.018454 0.0515036 0.30379
0 0.60043 0.384014 0.0235517 0.100282 0.286993
