0 0.553357 0.59434 0.108504 0.643645 0.899017
0 0.689308 0.599635 0.131862 0.613309 0.893846
0 0.269678 0.578648 0.0891461 0.472911 0.876636
0 0.363553 0.495207 0.0598031 0.292388 0.847029
0 0.89626 0.450979 0.0489811 0.262719 0.840102
0 0.964758 0.453754 0.0646496 0.325057 0.834085
0 0.0331666 0.453372 0.0518963 0.234377 0.7975
0 0.628433 0.584696 0.0607208 0.508413 0.729885
0 0.0857721 0.472705 0.0335952 0.183165 0.669558
0 0.934539 0.438173 0.0381508 0.292828 0.656643
0 0.00863665 0.483216 0.0172733 0.171813 0.623739
0 0.445436 0.46142 0.0553308 0.161995 0.615059
26 0.299011 0.522892 0.0275864 0.197611 0.534821
0 0.743479 0.436152 0.0464903 0.188015 0.469578
26 0.299395 0.560226 0.0244806 0.121723 0.431156
0 0.148014 0.370349 0.0186651 0.0502172 0.363626
0 0.124634 0.372561 0.01803 0.0476537 0.352996
0 0.011812 0.479774 0.0210551 0.181625 0.328739
0 0.6001 0.386938 0.0219368 0.096255 0.308895
26 0.609486 0.573316 0.0275168 0.0874673 0.295272
0 0.0682086 0.391876 0.0226379 0.0876857 0.261003
0 0.756291 0.41403 0.023539 0.169481 0.258968
