0 0.558579 0.596805 0.113247 0.645937 0.902163
0 0.690982 0.601013 0.135114 0.611017 0.88616
0 0.267762 0.579415 0.0876268 0.471605 0.884652
0 0.893715 0.449869 0.0505344 0.265246 0.843957
0 0.363602 0.497773 0.0609363 0.292337 0.843277
0 0.966188 0.462479 0.0652855 0.343688 0.830554
0 0.0346294 0.453806 0.0498089 0.233041 0.791381
0 0.933046 0.437557 0.042635 0.290543 0.73798
0 0.628907 0.589365 0.0620613 0.50012 0.72118
0 0.0854705 0.474009 0.0330373 0.184257 0.667829
0 0.00864798 0.484631 0.017296 0.168479 0.629493
0 0.445282 0.461556 0.0555778 0.162231 0.541648
26 0.297584 0.524673 0.0278186 0.195484 0.483696
26 0.297944 0.559315 0.0241406 0.124684 0.436511
0 0.742127 0.436288 0.0469135 0.189301 0.434689
0 0.0122903 0.479934 0.021818 0.181037 0.316237
26 0.610503 0.57723 0.0287037 0.0874955 0.292896
