0 0.565481 0.599553 0.119225 0.644047 0.90109
0 0.693797 0.602731 0.136512 0.604829 0.890615
0 0.265478 0.581251 0.0873435 0.470058 0.876481
0 0.891749 0.450079 0.0484377 0.265517 0.858644
0 0.364038 0.498839 0.06566 0.291538 0.822418
0 0.0351646 0.453052 0.051455 0.23514 0.818972
0 0.9699 0.464307 0.0568487 0.339241 0.817064
0 0.933419 0.43995 0.0427944 0.296335 0.796132
0 0.0845397 0.473842 0.0355551 0.184011 0.690218
0 0.632573 0.590552 0.0635242 0.501702 0.66383
0 0.00853972 0.484737 0.0170794 0.168367 0.656504
26 0.294663 0.524553 0.0273582 0.195917 0.583252
0 0.445011 0.461421 0.0550774 0.162065 0.495736
0 0.739039 0.433363 0.0448771 0.184027 0.40367
0 0.294195 0.444004 0.0393757 0.17396 0.349487
0 0.340794 0.421412 0.0245578 0.192296 0.337553
26 0.296346 0.551579 0.0238893 0.141787 0.273259
0 0.148017 0.370429 0.018052 0.0497715 0.270548
26 0.611672 0.582275 0.0325237 0.0888535 0.268133
0 0.753545 0.424901 0.0296081 0.197224 0.262109
0 0.126939 0.373589 0.0190827 0.0447461 0.26142
