0 0.695092 0.609864 0.139421 0.612995 0.903086
0 0.565952 0.603717 0.114805 0.653774 0.894773
0 0.263983 0.584034 0.0849118 0.460066 0.884858
0 0.890831 0.449796 0.0473804 0.264954 0.848811
0 0.0347922 0.452897 0.0504732 0.233795 0.816408
0 0.969997 0.467035 0.0587276 0.336111 0.811315
0 0.363827 0.498559 0.070845 0.293314 0.808521
0 0.932533 0.442145 0.0446068 0.299347 0.794395
0 0.0846281 0.473826 0.0346283 0.183097 0.703185
0 0.634818 0.593981 0.0608949 0.500614 0.642469
0 0.00850516 0.483299 0.0170103 0.171234 0.632387
26 0.292065 0.525042 0.0283833 0.196123 0.613339
0 0.444595 0.461644 0.0543982 0.161001 0.564675
0 0.293185 0.444404 0.0401286 0.179112 0.47098
0 0.337833 0.423239 0.0276879 0.18524 0.375548
26 0.614314 0.588155 0.033939 0.0878542 0.36743
0 0.752051 0.423 0.0295174 0.196235 0.328518
0 0.734942 0.419867 0.0428001 0.159398 0.290634
