0 0.56479 0.606077 0.106619 0.653029 0.912346
0 0.699022 0.613049 0.135498 0.615602 0.895423
0 0.262806 0.584854 0.0859082 0.455447 0.889791
0 0.890234 0.450619 0.0484097 0.259924 0.855306
0 0.0345924 0.453243 0.0506645 0.234534 0.824923
0 0.369905 0.498368 0.0568986 0.292664 0.824375
0 0.96819 0.463886 0.0619724 0.345507 0.822516
0 0.932049 0.442364 0.0446075 0.302288 0.783301
0 0.636445 0.598866 0.061587 0.503368 0.737672
0 0.0837822 0.474853 0.0328272 0.18108 0.725306
0 0.00857016 0.482541 0.0171403 0.171477 0.622631
0 0.444858 0.46148 0.054559 0.160735 0.587266
0 0.293516 0.444946 0.0410955 0.180838 0.545905
0 0.337522 0.423928 0.0269918 0.188727 0.515723
26 0.289739 0.525535 0.0304497 0.197049 0.487596
0 0.750933 0.423905 0.0275623 0.195907 0.427769
26 0.617089 0.589688 0.0321577 0.0913463 0.37464
0 0.0112805 0.476086 0.0207978 0.187335 0.305236
0 0.730581 0.403167 0.0366037 0.127719 0.305192
26 0.290739 0.560961 0.0261868 0.126257 0.293865
