0 0.702765 0.614183 0.133142 0.618053 0.899289
0 0.569302 0.608769 0.105645 0.661766 0.896275
0 0.260927 0.584491 0.0853102 0.454548 0.885985
0 0.888516 0.449738 0.0474348 0.26456 0.872886
0 0.370364 0.496722 0.059008 0.295864 0.816384
0 0.643057 0.601039 0.0545927 0.502579 0.794259
0 0.0346775 0.455196 0.0501445 0.228405 0.787861
0 0.931031 0.439841 0.043063 0.299118 0.769846
0 0.970645 0.46352 0.0569397 0.342306 0.743621
0 0.0832123 0.475542 0.0332409 0.180084 0.729019
0 0.444696 0.461641 0.0545789 0.159882 0.64045
0 0.00851583 0.482074 0.0170317 0.17411 0.571579
0 0.749605 0.417441 0.0284052 0.186408 0.524244
0 0.335958 0.424884 0.0251328 0.185854 0.396883
26 0.28701 0.571156 0.0260404 0.136138 0.351399
0 0.296375 0.440287 0.0441621 0.17647 0.341073
26 0.62158 0.598299 0.027463 0.0794403 0.330237
26 0.287579 0.532482 0.0320366 0.20642 0.296331
0 0.725127 0.379615 0.0264238 0.081054 0.276658
13 0.426192 0.504858 0.0493069 0.0802489 0.276214
