0 0.0910351 0.630253 0.181268 0.7225 0.929862
0 0.880615 0.661222 0.191965 0.66247 0.916703
0 0.419705 0.617198 0.1563 0.754411 0.907471
0 0.342516 0.496232 0.0651463 0.361317 0.875099
0 0.559795 0.436071 0.0514063 0.232028 0.839103
26 0.345804 0.793909 0.0669583 0.20641 0.807122
0 0.52128 0.42097 0.0284557 0.180167 0.790854
26 0.481749 0.805439 0.0559273 0.227935 0.788218
0 0.218964 0.467696 0.0389869 0.214505 0.753844
0 0.1719 0.469298 0.0445706 0.214302 0.714628
0 0.897707 0.391885 0.0376621 0.15695 0.697725
26 0.942381 0.695547 0.0455978 0.397206 0.648346
26 0.175759 0.67595 0.135155 0.507403 0.644165
26 0.196125 0.788959 0.0934781 0.299334 0.540275
0 0.986294 0.429544 0.0263233 0.220377 0.525055
0 0.0220899 0.404132 0.0212258 0.112812 0.43277
26 0.19343 0.867872 0.0854347 0.143651 0.423579
0 0.958755 0.443506 0.0361851 0.150501 0.39646
24 0.418895 0.428954 0.0888578 0.148585 0.395344
0 0.988442 0.555727 0.0222828 0.472053 0.366088
0 0.472194 0.422319 0.0251149 0.164312 0.36388
0 0.00552573 0.402388 0.0108894 0.070626 0.337631
24 0.420306 0.472413 0.0963106 0.235537 0.324829
13 0.667016 0.555405 0.182196 0.0950914 0.256024
0 0.471712 0.398364 0.0250954 0.120238 0.255537
