0 0.571898 0.608071 0.105678 0.664051 0.902691
0 0.705372 0.613755 0.129532 0.620488 0.901796
0 0.257921 0.584623 0.0870727 0.453602 0.88686
0 0.886627 0.450578 0.047477 0.262577 0.864196
0 0.370719 0.495619 0.0583526 0.298511 0.842343
0 0.0348315 0.454769 0.0515724 0.228927 0.789015
0 0.646319 0.600968 0.0547622 0.501102 0.783554
0 0.974034 0.462064 0.0508757 0.341315 0.736274
0 0.929415 0.440255 0.0416077 0.300203 0.72807
0 0.0836656 0.47595 0.0347563 0.178927 0.710073
0 0.444417 0.461161 0.0540771 0.163219 0.623585
0 0.00902202 0.482109 0.018044 0.175768 0.568916
0 0.33406 0.423588 0.0248879 0.192979 0.523599
0 0.748808 0.417569 0.0302639 0.186108 0.450507
0 0.28845 0.44285 0.0483423 0.182019 0.370175
26 0.284747 0.566748 0.0253285 0.126974 0.367953
26 0.625026 0.596983 0.0257784 0.0824651 0.293366
0 0.287415 0.496803 0.047837 0.292182 0.290145
13 0.426366 0.504581 0.0492617 0.0811322 0.274053
