0 0.576622 0.606361 0.107206 0.666142 0.910247
0 0.707553 0.611802 0.123103 0.623931 0.906624
0 0.254466 0.580442 0.0838365 0.449956 0.881421
0 0.88481 0.451497 0.0466671 0.26023 0.87669
0 0.372194 0.495812 0.0562522 0.298989 0.840653
0 0.0351135 0.454016 0.0540399 0.229635 0.803314
0 0.976416 0.46301 0.0462193 0.343707 0.787739
0 0.651432 0.596171 0.0522505 0.510196 0.740982
0 0.0813859 0.475658 0.0316821 0.180345 0.726596
0 0.941999 0.448852 0.0408787 0.288459 0.658741
0 0.444133 0.461392 0.0537954 0.160206 0.621982
0 0.927746 0.408924 0.0385759 0.237844 0.595596
0 0.00873041 0.482368 0.0174608 0.175175 0.578484
0 0.289326 0.498405 0.0496606 0.296327 0.523865
26 0.280575 0.563067 0.0288523 0.120805 0.455877
0 0.32835 0.423373 0.0297238 0.193623 0.411821
26 0.280501 0.544045 0.0322331 0.167641 0.39844
0 0.129639 0.374615 0.0181118 0.042404 0.300609
0 0.291232 0.473124 0.0419857 0.242863 0.281721
26 0.62872 0.593254 0.022913 0.0869233 0.264089
0 0.963413 0.462131 0.0731746 0.33936 0.260291
0 0.148855 0.370547 0.0177952 0.0488727 0.251587
