0 0.581312 0.604487 0.111288 0.668845 0.909607
0 0.708672 0.611335 0.120301 0.626487 0.906142
0 0.884177 0.452615 0.0471054 0.25941 0.87886
0 0.251541 0.577368 0.0837077 0.445046 0.874953
0 0.372544 0.496065 0.0552261 0.298644 0.845488
0 0.976793 0.463395 0.0453777 0.343288 0.815394
0 0.035129 0.453022 0.0541001 0.230673 0.81422
0 0.0807009 0.475352 0.03148 0.181224 0.729939
0 0.939986 0.449572 0.0457417 0.293287 0.709846
0 0.653505 0.596113 0.0502862 0.508551 0.676032
0 0.00882122 0.483357 0.0176424 0.17257 0.620976
0 0.444091 0.46152 0.0535992 0.160266 0.603532
0 0.924162 0.409579 0.0375395 0.237556 0.599315
0 0.292547 0.499667 0.0390951 0.297784 0.577913
0 0.326646 0.42322 0.0325531 0.200119 0.529153
26 0.277965 0.560735 0.0274882 0.117174 0.511189
26 0.277785 0.52643 0.0309342 0.186634 0.31833
0 0.129901 0.375195 0.0176128 0.0417526 0.267751
