0 0.584337 0.602657 0.113641 0.672028 0.913294
0 0.710519 0.610404 0.116379 0.627132 0.908636
0 0.882563 0.452584 0.0470652 0.257002 0.87566
0 0.248744 0.575165 0.0846854 0.445436 0.866836
0 0.373591 0.495237 0.0571822 0.29977 0.855851
0 0.0354613 0.452644 0.0539535 0.232036 0.816329
0 0.978093 0.465126 0.0429481 0.340972 0.812469
0 0.0793168 0.474025 0.0315809 0.183024 0.756269
0 0.938691 0.449282 0.0510021 0.290751 0.733388
0 0.29212 0.501831 0.0370121 0.29895 0.660459
0 0.65633 0.599794 0.0521124 0.517656 0.654657
0 0.00827706 0.483856 0.0165541 0.171077 0.613517
0 0.444352 0.461246 0.0529492 0.159957 0.567792
0 0.325396 0.422469 0.0318194 0.200982 0.557141
0 0.921289 0.416995 0.0373558 0.253204 0.539737
26 0.276168 0.523937 0.0304279 0.188839 0.347956
26 0.276664 0.556851 0.0257134 0.11024 0.344183
24 0.95063 0.412329 0.0303583 0.105572 0.300816
13 0.42588 0.504321 0.0506439 0.0800161 0.253358
