0 0.713915 0.607453 0.11526 0.631405 0.923685
0 0.58992 0.602633 0.121697 0.671191 0.908576
0 0.24502 0.574471 0.0859649 0.446984 0.875168
0 0.880825 0.452129 0.0471424 0.256607 0.864582
0 0.375528 0.496539 0.0577955 0.301388 0.85724
0 0.97876 0.464964 0.041613 0.34415 0.822808
0 0.0371564 0.451004 0.0527978 0.23061 0.820413
0 0.939447 0.448274 0.0600208 0.289394 0.79486
0 0.0783808 0.47243 0.0307493 0.182618 0.745969
0 0.292431 0.502741 0.0396972 0.297663 0.716305
0 0.659116 0.59875 0.0529716 0.514753 0.607218
0 0.91934 0.3911 0.0367176 0.205524 0.601566
0 0.444356 0.461292 0.0530209 0.160287 0.598063
0 0.00833105 0.482328 0.0166621 0.169598 0.580756
0 0.920142 0.434833 0.0359995 0.287663 0.564923
0 0.322929 0.420949 0.0290387 0.193488 0.546608
26 0.273647 0.550473 0.026347 0.100981 0.373711
24 0.951672 0.41048 0.0342911 0.118208 0.33859
26 0.273615 0.518452 0.0299032 0.187907 0.289307
0 0.745458 0.391868 0.0284515 0.123287 0.252275
13 0.42602 0.504717 0.0499499 0.0794435 0.25031
