0 0.716347 0.606858 0.114511 0.634339 0.92083
0 0.593583 0.602264 0.127137 0.674429 0.911201
0 0.243376 0.573984 0.0864941 0.449273 0.878764
0 0.376594 0.497881 0.0573469 0.300148 0.869548
0 0.880045 0.4517 0.0459242 0.256264 0.850014
0 0.978828 0.465657 0.0414904 0.344244 0.822738
0 0.0373391 0.450723 0.0525535 0.230035 0.814467
0 0.9376 0.451005 0.0653511 0.2993 0.782511
0 0.0782294 0.471333 0.0291207 0.1841 0.725288
0 0.289663 0.504403 0.0498811 0.298604 0.715736
0 0.917387 0.434514 0.0359524 0.286402 0.691683
0 0.321612 0.423794 0.0285591 0.200608 0.603153
0 0.00863444 0.479909 0.0172689 0.171752 0.593431
0 0.444348 0.461271 0.0527913 0.159974 0.582795
0 0.661458 0.594633 0.0566294 0.525044 0.569763
24 0.949994 0.407331 0.0408802 0.126848 0.359826
26 0.27229 0.548271 0.0252726 0.102813 0.306052
26 0.271682 0.517299 0.0288591 0.185775 0.287038
