0 0.598547 0.603866 0.134288 0.683451 0.908418
0 0.721052 0.607576 0.113903 0.634693 0.906117
0 0.377722 0.499507 0.0574378 0.299739 0.875871
0 0.241199 0.573529 0.0866531 0.445941 0.865228
0 0.934736 0.448486 0.0634687 0.301282 0.819304
0 0.87876 0.450038 0.0439323 0.255492 0.817641
0 0.0379463 0.449474 0.0538571 0.232572 0.783623
0 0.980021 0.46446 0.0390558 0.344593 0.757683
0 0.290181 0.505123 0.050562 0.298709 0.75401
0 0.0769036 0.471517 0.0296813 0.183618 0.72754
0 0.665082 0.589929 0.0576494 0.525923 0.658181
0 0.915037 0.436238 0.0361122 0.285638 0.627659
0 0.00841782 0.479315 0.0168356 0.170062 0.560254
0 0.320054 0.420959 0.0295323 0.198239 0.526442
0 0.444016 0.461501 0.0529675 0.163081 0.505636
24 0.949835 0.404982 0.0338911 0.125404 0.39158
26 0.269081 0.550192 0.0255111 0.115134 0.369168
0 0.985982 0.552163 0.0271727 0.523746 0.274448
26 0.269077 0.525021 0.0275297 0.170738 0.270321
