0 0.600366 0.608614 0.138292 0.689446 0.905353
0 0.725647 0.610173 0.116853 0.640467 0.901369
0 0.378249 0.500051 0.056889 0.298078 0.875281
0 0.239163 0.577923 0.0886538 0.437036 0.862647
0 0.877758 0.449353 0.0449707 0.254328 0.812089
0 0.93302 0.44793 0.0625017 0.302439 0.800748
0 0.0370075 0.450071 0.0531965 0.231502 0.784871
0 0.982247 0.462671 0.034519 0.342104 0.769606
0 0.289837 0.505904 0.0536081 0.297384 0.766426
0 0.0753938 0.471545 0.0322866 0.182795 0.753801
0 0.666294 0.592506 0.0562805 0.530907 0.597531
0 0.912398 0.433992 0.0379604 0.283615 0.571302
0 0.00822834 0.478369 0.0164567 0.170793 0.559885
0 0.444458 0.461648 0.0495037 0.163833 0.551355
0 0.319324 0.421431 0.0313163 0.196172 0.533136
24 0.947751 0.404828 0.0335045 0.124099 0.426264
26 0.267833 0.552408 0.025004 0.116852 0.31672
0 0.986375 0.552596 0.0263645 0.524335 0.31325
0 0.086578 0.380316 0.0177579 0.0687871 0.258522
13 0.426893 0.504658 0.0475597 0.0792158 0.254589
