0 0.732616 0.611879 0.127698 0.639329 0.908333
0 0.603668 0.611878 0.141821 0.693789 0.901089
0 0.379166 0.501222 0.0560107 0.299941 0.868705
0 0.23781 0.579101 0.0874196 0.434793 0.861959
0 0.876967 0.448697 0.0453585 0.254556 0.819119
0 0.290029 0.505825 0.0575929 0.299479 0.800758
0 0.982517 0.462899 0.0340813 0.342176 0.772328
0 0.0360598 0.450276 0.0511771 0.231223 0.77178
0 0.932571 0.447401 0.0597813 0.30189 0.752622
0 0.075851 0.471491 0.0314938 0.182882 0.728934
0 0.00796046 0.474272 0.0159209 0.179391 0.539614
0 0.666237 0.590925 0.0600433 0.518996 0.532912
0 0.44499 0.463573 0.0496059 0.159451 0.493806
0 0.317343 0.424289 0.0329468 0.199179 0.448418
0 0.911668 0.434353 0.0362656 0.28349 0.436116
0 0.988648 0.545674 0.0218641 0.512363 0.371715
24 0.947075 0.405048 0.0315132 0.123294 0.359286
26 0.266818 0.554569 0.0252192 0.117622 0.341937
0 0.656677 0.588324 0.0364641 0.535907 0.309208
13 0.427235 0.504317 0.0465355 0.0794683 0.304379
0 0.086993 0.38103 0.0173459 0.0682712 0.253465
