0 0.607012 0.611642 0.143047 0.684425 0.920883
0 0.74315 0.615669 0.139077 0.636476 0.901023
0 0.235306 0.575937 0.0865912 0.439785 0.851092
0 0.381815 0.502051 0.0569182 0.2992 0.8427
0 0.875736 0.448973 0.0461185 0.255942 0.836176
0 0.291272 0.50612 0.0535538 0.298308 0.805341
0 0.0362006 0.450479 0.0496195 0.232093 0.762586
0 0.0763749 0.470479 0.0315767 0.183885 0.695159
0 0.930654 0.445353 0.0570976 0.292814 0.663402
0 0.986354 0.464834 0.0263348 0.33688 0.577567
0 0.668471 0.591366 0.0658329 0.515165 0.477674
0 0.44535 0.463231 0.053445 0.15823 0.477205
0 0.910158 0.435869 0.0349901 0.279983 0.46882
0 0.00793693 0.473459 0.0158739 0.181468 0.441453
0 0.987852 0.427311 0.0236324 0.251595 0.395208
26 0.2652 0.555896 0.0259168 0.116701 0.391319
0 0.339721 0.450033 0.031931 0.135303 0.348336
13 0.427635 0.506054 0.0470783 0.0770947 0.337819
26 0.944933 0.404102 0.0302265 0.125186 0.336708
0 0.918356 0.438755 0.0462433 0.284901 0.314527
0 0.987967 0.549631 0.0231861 0.506621 0.312408
0 0.662075 0.593678 0.0406116 0.527278 0.295366
0 0.67801 0.406634 0.0436493 0.148718 0.265844
