0 0.919758 0.654747 0.159804 0.670457 0.930914
0 0.365322 0.629231 0.145522 0.728219 0.921744
0 0.157911 0.632026 0.197411 0.720472 0.921041
0 0.526406 0.441417 0.0607049 0.232871 0.861261
0 0.840386 0.449161 0.0470608 0.232104 0.838921
0 0.873586 0.424394 0.0433167 0.217999 0.741108
0 0.472235 0.431394 0.0277192 0.18109 0.735635
0 0.550076 0.427117 0.0265648 0.17282 0.731995
0 0.0408226 0.467701 0.0410983 0.244187 0.731683
0 0.0716343 0.466069 0.0507935 0.247915 0.715956
26 0.430133 0.782659 0.0530616 0.205634 0.699823
0 0.0154292 0.418085 0.0258519 0.136563 0.647905
0 0.417869 0.456392 0.0534112 0.26221 0.590612
26 0.273962 0.774707 0.11189 0.193857 0.563599
0 0.70387 0.417677 0.0384068 0.216315 0.480875
26 0.262387 0.640533 0.134693 0.460994 0.309796
0 0.00504571 0.442436 0.0100914 0.15037 0.306744
