0 0.0867437 0.632134 0.173007 0.71925 0.93376
0 0.425873 0.613294 0.160492 0.758845 0.921676
0 0.871804 0.662886 0.191475 0.65671 0.920996
0 0.345151 0.500064 0.066908 0.364435 0.853833
0 0.561613 0.434603 0.0507471 0.231192 0.846361
26 0.485737 0.800777 0.0553715 0.228762 0.794131
26 0.349194 0.793972 0.0664028 0.201914 0.779244
0 0.5217 0.421334 0.0281753 0.180281 0.778314
0 0.219161 0.46803 0.0403609 0.217528 0.776005
0 0.897723 0.393473 0.0386497 0.163723 0.773876
0 0.177176 0.469617 0.0407958 0.21565 0.691846
0 0.986179 0.430207 0.0268503 0.225866 0.63849
26 0.932446 0.698662 0.0466045 0.388554 0.633903
0 0.957831 0.444039 0.0359604 0.150855 0.525631
26 0.168384 0.681894 0.139572 0.51043 0.503878
26 0.18916 0.800186 0.0954821 0.300422 0.493964
26 0.186308 0.874337 0.0888399 0.150148 0.433683
24 0.423236 0.425745 0.0907252 0.145427 0.398186
24 0.421889 0.470371 0.0939709 0.230273 0.360308
0 0.472276 0.411162 0.0250164 0.14318 0.260872
13 0.666117 0.564428 0.185028 0.115643 0.251766
