0 0.747927 0.618263 0.142782 0.629794 0.907149
0 0.610294 0.613973 0.146609 0.685587 0.888989
0 0.233199 0.577124 0.0894677 0.437561 0.87015
0 0.874911 0.448735 0.0456694 0.257276 0.835274
0 0.291312 0.50646 0.0544207 0.298203 0.804246
0 0.384895 0.502824 0.0607967 0.301325 0.784164
0 0.0360917 0.449646 0.048026 0.232531 0.768552
0 0.0760406 0.470277 0.0334686 0.184586 0.664864
0 0.926252 0.445845 0.0614494 0.29557 0.619999
0 0.444909 0.46354 0.0534716 0.158177 0.504215
0 0.989018 0.425113 0.0213648 0.241326 0.500328
0 0.674745 0.599369 0.0656593 0.521641 0.471236
0 0.0079379 0.476296 0.0158758 0.177906 0.432604
26 0.264746 0.555972 0.0274507 0.118962 0.391204
13 0.426914 0.505901 0.0470478 0.0784763 0.346966
26 0.908521 0.409793 0.0285208 0.095867 0.317567
0 0.567582 0.370216 0.0277422 0.0722139 0.311446
0 0.910756 0.441017 0.0352428 0.287584 0.298652
26 0.943603 0.405811 0.0303066 0.12442 0.28655
0 0.338866 0.45089 0.0339911 0.137364 0.2737
24 0.944626 0.404741 0.0277603 0.124727 0.271391
