0 0.614211 0.622755 0.147343 0.691939 0.894446
0 0.752357 0.621453 0.138433 0.645753 0.889066
0 0.230927 0.577325 0.0878229 0.43437 0.880976
0 0.873364 0.447767 0.0440628 0.255155 0.828075
0 0.386715 0.502827 0.0611614 0.301461 0.804114
0 0.295241 0.506447 0.0613906 0.298427 0.792451
0 0.0356646 0.449953 0.0489603 0.23159 0.782721
0 0.0760011 0.47187 0.0344078 0.180618 0.669288
0 0.444718 0.461909 0.0530703 0.16145 0.561706
0 0.675252 0.599201 0.0608599 0.514975 0.561242
0 0.909879 0.439217 0.0409672 0.283835 0.519957
0 0.568237 0.373588 0.0303473 0.0819173 0.514997
0 0.93009 0.450244 0.0511902 0.2977 0.495204
0 0.00795567 0.476008 0.0159113 0.176693 0.417206
0 0.98821 0.429073 0.0225658 0.241244 0.37738
26 0.941671 0.406376 0.028582 0.128797 0.346826
0 0.256643 0.390151 0.0313746 0.0941377 0.320807
0 0.336629 0.450098 0.0376691 0.135332 0.308324
13 0.427925 0.50614 0.0462835 0.0807059 0.284975
24 0.942066 0.405831 0.0277023 0.126762 0.281588
0 0.963566 0.42101 0.031632 0.205024 0.268151
0 0.0911204 0.380176 0.0193916 0.0686311 0.259933
