0 0.752756 0.62356 0.132769 0.644936 0.903684
0 0.616561 0.623997 0.148823 0.692444 0.88819
0 0.228974 0.575397 0.0857948 0.434969 0.870804
0 0.871771 0.448314 0.0449125 0.254548 0.83819
0 0.387871 0.5016 0.0612967 0.302381 0.836089
0 0.29362 0.506306 0.0636762 0.297032 0.82465
0 0.0349975 0.450774 0.0501665 0.229342 0.775138
0 0.678159 0.598115 0.0616558 0.514296 0.694348
0 0.0765146 0.47135 0.0337351 0.181148 0.655132
0 0.906786 0.437712 0.0418728 0.280984 0.598903
0 0.44413 0.461306 0.0530035 0.161425 0.59384
0 0.0081379 0.476576 0.0162758 0.175246 0.481972
0 0.567944 0.374854 0.0324535 0.083287 0.475041
0 0.92946 0.452188 0.0480345 0.295068 0.470042
0 0.960396 0.42021 0.0342476 0.198558 0.385065
26 0.25603 0.525922 0.0221049 0.184657 0.335119
24 0.939741 0.410538 0.0293983 0.12704 0.313278
26 0.257299 0.554894 0.0220444 0.122859 0.308347
0 0.917865 0.444348 0.0565041 0.285279 0.274991
0 0.337559 0.449784 0.037245 0.134606 0.271721
0 0.256644 0.393301 0.0321755 0.10117 0.264294
0 0.0918343 0.380089 0.0203997 0.0687108 0.25902
0 0.982493 0.447293 0.0325891 0.254802 0.2547
