0 0.619629 0.625803 0.151168 0.697145 0.887998
0 0.75508 0.62517 0.126459 0.648481 0.885886
0 0.229005 0.575522 0.0867689 0.432074 0.859744
0 0.389086 0.500596 0.0607492 0.303412 0.847042
0 0.292876 0.506879 0.0620068 0.29684 0.846491
0 0.87056 0.448432 0.045359 0.255432 0.842072
0 0.0348477 0.451822 0.0500188 0.226498 0.773888
0 0.683612 0.598629 0.0680548 0.514089 0.748145
0 0.076956 0.472089 0.0311901 0.17959 0.681296
0 0.904226 0.438603 0.0406702 0.283838 0.54984
0 0.00880526 0.476844 0.0176105 0.175013 0.53282
0 0.444215 0.461247 0.0529631 0.161797 0.531431
0 0.925327 0.449655 0.0490589 0.290369 0.493415
0 0.97757 0.499413 0.0273594 0.16828 0.440468
0 0.915218 0.444555 0.0599232 0.289482 0.379034
26 0.255484 0.55717 0.0232569 0.118364 0.375994
0 0.567216 0.377305 0.0327396 0.0932193 0.365342
0 0.0923402 0.379934 0.0207881 0.0695911 0.320503
24 0.937652 0.411652 0.0298939 0.128167 0.316808
26 0.253551 0.541594 0.023185 0.153654 0.313831
0 0.98754 0.437026 0.0238857 0.253518 0.313764
0 0.981324 0.455614 0.0340326 0.257675 0.274162
0 0.337909 0.449249 0.0368598 0.134154 0.272942
