0 0.622021 0.626316 0.148725 0.702709 0.896184
0 0.758088 0.625071 0.121836 0.654074 0.885387
0 0.22478 0.575871 0.0840353 0.43255 0.865458
0 0.869038 0.449874 0.0452074 0.252529 0.844449
0 0.291811 0.507514 0.0672352 0.299016 0.84314
0 0.390468 0.49928 0.0593961 0.305152 0.831426
0 0.0346448 0.452237 0.0512005 0.226472 0.778938
0 0.687146 0.598936 0.0732147 0.513433 0.748558
0 0.0757667 0.472233 0.0320814 0.179739 0.691062
0 0.923704 0.450869 0.0508625 0.288527 0.617592
0 0.010012 0.479522 0.0200241 0.168744 0.55629
0 0.903201 0.436578 0.0375704 0.284519 0.544664
0 0.444853 0.461063 0.052655 0.162334 0.540156
26 0.251157 0.557751 0.0228509 0.116435 0.421646
0 0.566368 0.400348 0.0322025 0.137311 0.414775
24 0.934278 0.411721 0.0322876 0.122725 0.404881
0 0.0937136 0.379885 0.0205712 0.0662442 0.298141
0 0.253765 0.396272 0.0353848 0.107448 0.268362
0 0.957739 0.421053 0.0377998 0.205803 0.250161
