0 0.622363 0.624411 0.144879 0.70908 0.897556
0 0.758433 0.626283 0.121755 0.65397 0.894618
0 0.223904 0.576091 0.0836454 0.434784 0.873386
0 0.867933 0.450935 0.0440109 0.250867 0.829405
0 0.291435 0.5055 0.0653644 0.302838 0.825788
0 0.691044 0.598413 0.0750141 0.515599 0.820674
0 0.390842 0.497967 0.0596508 0.306074 0.818778
0 0.0338719 0.451828 0.0509369 0.227328 0.767668
0 0.077524 0.472345 0.0283752 0.179592 0.679462
0 0.920271 0.45026 0.0527981 0.287835 0.638202
0 0.0102175 0.483421 0.020435 0.163175 0.613702
0 0.445152 0.460489 0.0521944 0.162067 0.520535
0 0.565426 0.410502 0.0324501 0.157938 0.487181
0 0.901861 0.434533 0.0379353 0.283783 0.435534
26 0.249762 0.555541 0.0238418 0.118169 0.410924
0 0.956958 0.422048 0.0343628 0.203499 0.359831
24 0.934693 0.410451 0.0275263 0.122672 0.303527
26 0.279848 0.455712 0.034259 0.111191 0.302118
0 0.979518 0.459416 0.0366034 0.248245 0.296257
0 0.0941779 0.379186 0.0205267 0.0649507 0.286757
0 0.926476 0.465479 0.0394653 0.256351 0.283824
0 0.252772 0.396394 0.0374324 0.105662 0.258702
