0 0.762453 0.621199 0.126935 0.658957 0.904313
0 0.625499 0.6209 0.140142 0.711276 0.892578
0 0.22116 0.572782 0.0807338 0.432594 0.865046
0 0.866146 0.449685 0.0423359 0.253379 0.847147
0 0.291182 0.50746 0.0705683 0.305552 0.823975
0 0.697109 0.595879 0.0714085 0.52054 0.818936
0 0.391965 0.498278 0.0594488 0.307137 0.80896
0 0.0332336 0.451712 0.0478278 0.226543 0.765975
0 0.0765627 0.470083 0.0294993 0.180686 0.703451
0 0.562441 0.422101 0.0337168 0.177033 0.692067
0 0.915539 0.449185 0.0618135 0.288035 0.667685
0 0.00973752 0.481697 0.019475 0.166877 0.615083
0 0.44508 0.460184 0.0511557 0.161671 0.540372
0 0.89868 0.431512 0.0390686 0.282191 0.516041
26 0.278995 0.455542 0.0385816 0.113916 0.387975
0 0.977777 0.457696 0.0431326 0.249431 0.382804
26 0.932487 0.41161 0.0270418 0.11975 0.335876
0 0.25185 0.397368 0.0372304 0.104805 0.266782
