0 0.626475 0.619409 0.134361 0.71298 0.912083
0 0.76998 0.620555 0.126047 0.660089 0.910254
0 0.220616 0.568706 0.0817056 0.43053 0.873495
0 0.865548 0.449637 0.0414255 0.25331 0.831854
0 0.291802 0.507708 0.0724318 0.306257 0.826046
0 0.394205 0.498275 0.0615761 0.308152 0.816705
0 0.701432 0.601325 0.0680216 0.541836 0.780539
0 0.561233 0.421338 0.0350845 0.176295 0.764159
0 0.0335451 0.451295 0.0479738 0.2261 0.761263
0 0.0766949 0.469344 0.0291785 0.17922 0.706247
0 0.91419 0.448349 0.0615192 0.289014 0.678582
0 0.00932 0.480829 0.01864 0.167651 0.656644
0 0.446675 0.460764 0.0488035 0.161297 0.57794
26 0.930993 0.409707 0.0281286 0.121882 0.518942
0 0.898177 0.432045 0.0403839 0.284029 0.491511
26 0.279945 0.457386 0.0390256 0.116202 0.385723
0 0.977515 0.453677 0.0436405 0.257748 0.304387
24 0.280863 0.458037 0.0382852 0.109201 0.271862
0 0.972825 0.467611 0.0336252 0.230578 0.264757
0 0.251223 0.398331 0.0371926 0.105279 0.262331
