0 0.775706 0.619609 0.128167 0.665602 0.917263
0 0.62832 0.619175 0.129411 0.715603 0.916721
0 0.220329 0.567755 0.0816979 0.427694 0.875417
0 0.864242 0.44946 0.0417286 0.252194 0.835922
0 0.396062 0.499571 0.0607418 0.309719 0.817273
0 0.296037 0.509489 0.0686954 0.302058 0.812047
0 0.0340165 0.450608 0.0494528 0.226875 0.766077
0 0.706904 0.601191 0.06626 0.547671 0.758362
0 0.559791 0.422123 0.0357313 0.178278 0.741108
0 0.9123 0.447985 0.0624409 0.288117 0.710583
0 0.0761374 0.468159 0.0303361 0.180935 0.692983
0 0.0091201 0.478946 0.0182402 0.171957 0.678417
0 0.446299 0.460393 0.0480484 0.160512 0.573124
0 0.898139 0.432844 0.0392044 0.286217 0.524885
24 0.282313 0.46032 0.0364633 0.113182 0.481996
26 0.929322 0.408896 0.0279129 0.12059 0.450609
26 0.24469 0.547919 0.0215826 0.121456 0.280988
0 0.981917 0.448113 0.0351025 0.269345 0.268275
0 0.0969394 0.372789 0.0199987 0.0528554 0.260356
0 0.249999 0.448245 0.0350204 0.198317 0.257921
