0 0.782995 0.618502 0.135597 0.668161 0.916703
0 0.631886 0.615278 0.123887 0.719679 0.912067
0 0.218954 0.568363 0.0826156 0.433185 0.86788
0 0.862704 0.446839 0.0412107 0.249767 0.832585
0 0.39719 0.500856 0.0608928 0.310858 0.825126
0 0.711937 0.602289 0.0650437 0.554737 0.778472
0 0.301482 0.511558 0.0633261 0.30153 0.764526
0 0.0323947 0.449754 0.0494881 0.22802 0.760076
0 0.558307 0.424142 0.0361027 0.177087 0.74718
0 0.91001 0.446891 0.0627163 0.289656 0.68664
0 0.0776097 0.470579 0.0317612 0.177617 0.684185
0 0.00898023 0.475139 0.0179605 0.179375 0.584074
26 0.282919 0.463612 0.0396778 0.117202 0.555573
0 0.446475 0.460172 0.0479757 0.160294 0.497482
26 0.927446 0.407321 0.0288818 0.124989 0.483182
0 0.896149 0.4265 0.0428116 0.273179 0.414186
0 0.979713 0.445712 0.0396954 0.261476 0.406307
26 0.569962 0.561579 0.0154502 0.0569005 0.388784
0 0.249988 0.403646 0.0374133 0.111524 0.371494
24 0.283385 0.462822 0.0397511 0.114842 0.370065
0 0.0978526 0.372318 0.0193903 0.0529144 0.315393
0 0.249694 0.447444 0.0367853 0.199387 0.299074
