0 0.427943 0.612549 0.162755 0.760079 0.9239
0 0.866376 0.662525 0.190988 0.656584 0.91865
0 0.0834733 0.632412 0.166416 0.71694 0.918506
0 0.346112 0.502317 0.0650776 0.36462 0.847508
26 0.489023 0.7999 0.0542423 0.229186 0.813623
0 0.563206 0.433573 0.0511978 0.229967 0.795352
0 0.175149 0.469282 0.0452588 0.216894 0.778076
0 0.521957 0.420872 0.0281771 0.17823 0.769814
0 0.22021 0.467617 0.0413696 0.218862 0.764976
26 0.351864 0.797024 0.0673433 0.195865 0.757847
0 0.897644 0.397685 0.0413136 0.1732 0.757653
0 0.985402 0.429819 0.0284225 0.224604 0.691029
26 0.924348 0.695932 0.0462839 0.388562 0.684191
26 0.162767 0.67665 0.138891 0.49934 0.585533
0 0.957625 0.444445 0.0348595 0.152231 0.550581
24 0.423436 0.456698 0.0965269 0.200639 0.459698
26 0.183108 0.803265 0.0950516 0.299867 0.442189
24 0.424525 0.428984 0.0925846 0.152753 0.381867
26 0.181021 0.87865 0.0893351 0.148333 0.311804
0 0.472087 0.375776 0.0241735 0.0764513 0.300534
24 0.162962 0.432486 0.0255829 0.0822985 0.294146
