0 0.787006 0.619495 0.142339 0.675044 0.918994
0 0.634565 0.620347 0.12037 0.712799 0.908349
0 0.216715 0.56786 0.0816595 0.429408 0.867811
0 0.861432 0.446864 0.0416405 0.247956 0.814182
0 0.397857 0.503413 0.0612566 0.31193 0.80256
0 0.713943 0.603413 0.0640756 0.558092 0.799953
0 0.304778 0.511959 0.0609593 0.300714 0.788497
0 0.0319725 0.449385 0.0489298 0.227183 0.756931
0 0.557707 0.424692 0.0359864 0.177911 0.740573
0 0.0763503 0.469492 0.0302096 0.17768 0.682992
0 0.909829 0.44448 0.0646809 0.288403 0.654237
26 0.284876 0.464044 0.0398176 0.116097 0.634976
0 0.00884216 0.470628 0.0176843 0.189168 0.555127
26 0.571636 0.560649 0.0186846 0.0585875 0.554218
0 0.2499 0.449755 0.0381564 0.202847 0.475818
0 0.978544 0.445401 0.0420723 0.267484 0.468313
0 0.894323 0.430414 0.0426579 0.279931 0.466695
26 0.926361 0.408002 0.0299505 0.123489 0.459125
0 0.446072 0.461721 0.045899 0.160536 0.436191
26 0.684647 0.59872 0.0297922 0.111999 0.386161
24 0.285648 0.46402 0.040936 0.112476 0.343254
0 0.0984198 0.372623 0.0191742 0.0531898 0.321947
26 0.980105 0.39726 0.0385433 0.0783513 0.29244
0 0.896326 0.346879 0.0328499 0.114121 0.272972
26 0.962944 0.485722 0.0249138 0.0873883 0.258388
26 0.242118 0.516711 0.0238946 0.172547 0.255703
