0 0.79293 0.626092 0.15139 0.685123 0.921632
0 0.636772 0.618322 0.11742 0.72242 0.917496
0 0.214656 0.567812 0.0816144 0.429099 0.876297
0 0.715901 0.606469 0.0650892 0.555859 0.81437
0 0.306308 0.512071 0.0612594 0.302044 0.804573
0 0.398012 0.504023 0.0590829 0.307701 0.798921
0 0.859385 0.444585 0.0432934 0.245746 0.788766
0 0.556044 0.426248 0.0363136 0.173262 0.752021
0 0.0320586 0.448941 0.050638 0.227487 0.749407
0 0.908941 0.446687 0.060676 0.292164 0.690984
0 0.0769521 0.470346 0.0300768 0.178277 0.662401
0 0.975677 0.445403 0.0460772 0.269658 0.657242
0 0.248312 0.452401 0.040181 0.20405 0.604093
0 0.00877112 0.468427 0.0175422 0.194258 0.548564
26 0.572584 0.557261 0.0202539 0.0649011 0.503091
26 0.288201 0.463409 0.039824 0.117621 0.43986
0 0.891497 0.429104 0.0381405 0.276547 0.421388
24 0.288753 0.462013 0.0410794 0.112973 0.414936
26 0.924348 0.403388 0.0302864 0.122849 0.411153
26 0.241142 0.515877 0.0251085 0.173093 0.369205
26 0.977277 0.395027 0.0391281 0.0839779 0.351367
0 0.445889 0.462344 0.045097 0.156863 0.340851
26 0.960882 0.481491 0.0236929 0.0952082 0.332695
0 0.0994014 0.372913 0.0181877 0.0530435 0.303183
