0 0.796509 0.629907 0.158418 0.687895 0.919342
0 0.639722 0.621873 0.118354 0.733215 0.913235
0 0.211742 0.56719 0.0862624 0.427983 0.866576
0 0.718316 0.608919 0.0640454 0.552909 0.809979
0 0.307507 0.512221 0.0620001 0.301757 0.807222
0 0.857204 0.444709 0.0454807 0.2447 0.798383
0 0.39882 0.505277 0.0578547 0.309206 0.782639
0 0.555256 0.425377 0.0361012 0.175007 0.765045
0 0.0324562 0.448604 0.0501978 0.227873 0.75985
0 0.973841 0.448359 0.0466251 0.274368 0.651923
0 0.076819 0.4705 0.0298419 0.178637 0.628633
0 0.247156 0.451295 0.0410569 0.206061 0.61453
0 0.909793 0.44537 0.0588657 0.290262 0.575235
26 0.573846 0.558305 0.0226915 0.062646 0.475459
0 0.00873406 0.470973 0.0174681 0.188202 0.470554
26 0.291129 0.460855 0.0380168 0.116383 0.446993
26 0.923416 0.403326 0.0298359 0.118671 0.440671
26 0.958667 0.48775 0.0234509 0.0858722 0.416319
0 0.890923 0.436648 0.037455 0.289163 0.401329
0 0.685682 0.374884 0.0474145 0.109592 0.395124
0 0.100234 0.373579 0.0173799 0.0546012 0.338236
24 0.291661 0.461043 0.0370915 0.109094 0.31755
26 0.239995 0.51735 0.0245211 0.171437 0.312802
26 0.975953 0.395001 0.0389254 0.0787793 0.303304
26 0.239871 0.542744 0.0234857 0.118173 0.278653
0 0.447047 0.462282 0.0442202 0.15809 0.272147
