0 0.799818 0.629371 0.164048 0.683172 0.91929
0 0.645724 0.622895 0.126356 0.729506 0.910621
0 0.207484 0.567213 0.0875976 0.42801 0.880007
0 0.308628 0.511206 0.0629764 0.303691 0.809535
0 0.721971 0.612758 0.0639986 0.554893 0.805859
0 0.553659 0.423766 0.0360786 0.177483 0.774912
0 0.398986 0.505873 0.056887 0.309107 0.769714
0 0.0325934 0.448428 0.049782 0.228512 0.764347
0 0.856054 0.431256 0.043597 0.218469 0.736848
0 0.908184 0.443984 0.0555958 0.290683 0.731684
0 0.246138 0.451427 0.0433481 0.208287 0.677425
0 0.0771045 0.47106 0.02981 0.178665 0.673175
0 0.970468 0.448504 0.0485165 0.27707 0.67112
0 0.00873198 0.47308 0.017464 0.181269 0.532337
26 0.696748 0.612162 0.0269457 0.0868737 0.507477
26 0.293353 0.462289 0.0370927 0.111836 0.50165
26 0.921636 0.400897 0.0299942 0.125219 0.485094
26 0.574773 0.560126 0.0247847 0.0597132 0.439226
26 0.955718 0.484147 0.0256107 0.0951328 0.403988
26 0.889176 0.410205 0.0325329 0.105943 0.379757
26 0.973274 0.397757 0.0392677 0.071784 0.341053
0 0.68614 0.37588 0.0506402 0.108837 0.307357
24 0.292975 0.460237 0.0360688 0.106383 0.302326
0 0.100505 0.373082 0.0175919 0.0549067 0.298359
26 0.237846 0.545404 0.0212003 0.114332 0.257536
