0 0.804473 0.630647 0.169104 0.678518 0.910553
0 0.654515 0.629233 0.137286 0.729295 0.910382
0 0.201787 0.568032 0.0919178 0.424607 0.865571
0 0.312626 0.511216 0.0655796 0.304941 0.816339
0 0.400766 0.506032 0.0581518 0.309687 0.785755
0 0.0321425 0.448406 0.0512089 0.229947 0.781925
0 0.551471 0.42258 0.0359489 0.176069 0.776111
0 0.903916 0.443311 0.0580513 0.289394 0.770107
0 0.965224 0.447305 0.0509605 0.277857 0.767585
0 0.727801 0.618847 0.0630556 0.558834 0.746295
0 0.855408 0.413687 0.0431648 0.179859 0.742772
0 0.244091 0.451152 0.0450072 0.208667 0.6769
0 0.0768204 0.471487 0.038293 0.176441 0.629789
26 0.919937 0.403297 0.0291824 0.122979 0.603686
26 0.293934 0.461133 0.0391312 0.111239 0.574936
0 0.00869579 0.478371 0.0173916 0.169482 0.552138
26 0.576558 0.558545 0.0287418 0.0616701 0.475423
26 0.702571 0.614909 0.0284775 0.0975857 0.360366
26 0.952842 0.478351 0.0261091 0.102434 0.353037
0 0.446493 0.460791 0.0448253 0.161567 0.33534
0 0.685571 0.37463 0.0425241 0.107443 0.332766
26 0.235058 0.545838 0.0213347 0.116406 0.331809
26 0.96981 0.394502 0.0409346 0.0754013 0.315688
0 0.101452 0.372944 0.0175217 0.0552563 0.310261
26 0.887082 0.412157 0.029398 0.0979363 0.291116
26 0.436236 0.508938 0.0295816 0.0721946 0.259783
