0 0.657307 0.630824 0.13847 0.729302 0.909329
0 0.80761 0.639154 0.171 0.687963 0.901197
0 0.199113 0.570536 0.0903731 0.422434 0.842927
0 0.901141 0.443538 0.0632261 0.289136 0.805367
0 0.730875 0.623409 0.0652847 0.565353 0.797827
0 0.0322032 0.448634 0.050835 0.230677 0.790441
0 0.550279 0.422893 0.0341133 0.174121 0.779017
0 0.401688 0.506449 0.0572188 0.309868 0.767525
0 0.313178 0.510544 0.0677153 0.306372 0.759469
0 0.964829 0.44715 0.0461166 0.279215 0.725609
0 0.243847 0.450676 0.0443157 0.208585 0.71517
0 0.854989 0.413495 0.0444046 0.182164 0.67041
0 0.0773742 0.471245 0.0370791 0.176034 0.653632
0 0.00877246 0.47684 0.0175449 0.172617 0.539629
26 0.294864 0.459582 0.038404 0.109586 0.537076
26 0.91785 0.402645 0.0280758 0.124655 0.49187
26 0.967276 0.395269 0.0410156 0.0763953 0.357739
26 0.232449 0.54658 0.020834 0.117667 0.348492
0 0.102118 0.372721 0.0178899 0.0547562 0.343506
26 0.950292 0.482741 0.0240917 0.0922502 0.340154
26 0.576949 0.558976 0.0291199 0.0607371 0.335675
0 0.684959 0.371105 0.0370419 0.0980303 0.32643
0 0.446809 0.460277 0.0449133 0.162372 0.310993
26 0.23259 0.518335 0.0220462 0.176735 0.286198
