0 0.812369 0.644466 0.171045 0.691551 0.900821
0 0.657351 0.630682 0.132979 0.729199 0.898598
0 0.197288 0.570303 0.0885674 0.420578 0.845523
0 0.402551 0.506167 0.057477 0.309544 0.815661
0 0.548485 0.421683 0.0339424 0.176281 0.800469
0 0.733953 0.625308 0.0683694 0.565531 0.796203
0 0.898425 0.444904 0.0635338 0.288517 0.786336
0 0.0309848 0.448738 0.0521716 0.229435 0.767105
0 0.314515 0.509491 0.0672559 0.307586 0.740764
0 0.96381 0.447106 0.0428925 0.279036 0.72338
0 0.244791 0.449389 0.0488781 0.20782 0.683744
0 0.0736508 0.469899 0.0297956 0.176829 0.681337
0 0.852946 0.411136 0.0460608 0.174477 0.625578
0 0.00886814 0.475919 0.0177363 0.176498 0.558297
26 0.296472 0.456877 0.0381412 0.113429 0.554509
26 0.709574 0.6192 0.0263942 0.0950617 0.409349
0 0.446919 0.461408 0.0451799 0.163222 0.386645
26 0.916556 0.405377 0.0278528 0.121878 0.352148
26 0.229122 0.548298 0.0225102 0.114553 0.334777
26 0.963723 0.393394 0.0419682 0.0773755 0.307563
26 0.229189 0.524472 0.0231933 0.162986 0.302316
