0 0.815421 0.644853 0.167834 0.693594 0.905904
0 0.658033 0.630537 0.129166 0.723425 0.882619
0 0.195436 0.570095 0.0854539 0.419774 0.861204
0 0.547612 0.421709 0.033967 0.176087 0.817386
0 0.73681 0.625045 0.0652073 0.564478 0.812427
0 0.403236 0.505886 0.0560061 0.310204 0.808576
0 0.315217 0.508233 0.0671199 0.310592 0.772617
0 0.0310526 0.448303 0.0516121 0.229139 0.764508
0 0.897746 0.445525 0.0613121 0.287164 0.7489
0 0.962017 0.447611 0.0421095 0.279794 0.728539
0 0.244615 0.452384 0.0518335 0.213322 0.716515
0 0.073799 0.470773 0.0306845 0.176354 0.655027
0 0.851815 0.406508 0.0444332 0.16427 0.591425
0 0.00887207 0.478206 0.0177441 0.170653 0.557988
26 0.297892 0.455215 0.0360673 0.115172 0.482531
26 0.915322 0.405432 0.0275249 0.122359 0.39956
26 0.225179 0.549794 0.0222443 0.11377 0.396
26 0.71254 0.618745 0.0233433 0.096423 0.389673
0 0.710724 0.379079 0.0286509 0.10726 0.34477
26 0.962656 0.392749 0.041888 0.0780653 0.328141
0 0.447462 0.461303 0.0447855 0.162097 0.266711
