0 0.818896 0.644463 0.161604 0.698061 0.908623
0 0.658973 0.627565 0.122586 0.72597 0.895901
0 0.193329 0.570559 0.0816001 0.417874 0.864746
0 0.740018 0.62186 0.061165 0.570945 0.83041
0 0.546844 0.421803 0.03402 0.176007 0.8192
0 0.403927 0.50581 0.0572918 0.310317 0.792724
0 0.313579 0.509066 0.0678471 0.310272 0.778844
0 0.243862 0.452727 0.0526924 0.214084 0.772925
0 0.0309919 0.448204 0.0517218 0.228734 0.772717
0 0.89607 0.446354 0.0614298 0.285475 0.753943
0 0.960279 0.447808 0.0417755 0.275625 0.723427
0 0.0733163 0.470715 0.0299992 0.175475 0.670581
0 0.00885712 0.47739 0.0177142 0.172195 0.568397
0 0.850565 0.407694 0.0428715 0.167411 0.540068
26 0.913649 0.408201 0.0271534 0.128212 0.442428
26 0.298965 0.455612 0.036386 0.115219 0.397338
26 0.715633 0.618685 0.020052 0.0928843 0.368549
26 0.222937 0.528283 0.0244908 0.155492 0.350536
26 0.960304 0.395674 0.0405373 0.0717918 0.322279
0 0.710051 0.375629 0.0284697 0.10621 0.296928
