0 0.820537 0.6432 0.154525 0.699758 0.922261
0 0.664455 0.623721 0.127054 0.728636 0.884701
0 0.190377 0.568605 0.0781269 0.41571 0.88218
0 0.545431 0.421332 0.0343252 0.17651 0.823838
0 0.316188 0.511554 0.0691397 0.310977 0.819185
0 0.24255 0.450738 0.0530327 0.222067 0.79138
0 0.747061 0.616701 0.059744 0.579661 0.790662
0 0.406204 0.504251 0.0602799 0.313676 0.789486
0 0.957177 0.447844 0.0444046 0.273182 0.789318
0 0.894102 0.446249 0.0657204 0.285846 0.782585
0 0.0304723 0.448144 0.051285 0.226146 0.778895
0 0.0722937 0.470079 0.0272841 0.175379 0.693399
0 0.85057 0.383311 0.0399254 0.116831 0.63955
26 0.913847 0.407447 0.0311043 0.12799 0.603048
0 0.00886982 0.474458 0.0177396 0.177736 0.538953
26 0.300785 0.455712 0.03627 0.118057 0.360455
26 0.95754 0.394408 0.0415707 0.07669 0.328413
26 0.216668 0.519665 0.0256692 0.180711 0.300327
0 0.708251 0.36965 0.0290412 0.0875819 0.255723
26 0.937915 0.481539 0.0261414 0.0890968 0.252859
