0 0.431285 0.612128 0.162608 0.761156 0.929309
0 0.081238 0.63173 0.162016 0.718941 0.917214
0 0.859496 0.664522 0.188047 0.655905 0.916521
0 0.34698 0.501228 0.0650452 0.368002 0.866107
26 0.492597 0.803134 0.0532899 0.229687 0.839921
0 0.896961 0.39976 0.0446735 0.180915 0.79112
26 0.353919 0.798127 0.0667775 0.198972 0.790872
0 0.565937 0.432423 0.0498126 0.233474 0.786353
0 0.177811 0.468749 0.0421708 0.219007 0.78517
0 0.522452 0.420359 0.0287099 0.177898 0.776489
0 0.22051 0.467521 0.0421196 0.218612 0.767405
0 0.984831 0.429635 0.0294937 0.224186 0.717896
26 0.917507 0.695456 0.0457441 0.386075 0.696978
26 0.15718 0.670422 0.138907 0.488262 0.676152
24 0.426722 0.451367 0.0960154 0.189755 0.569837
0 0.957442 0.444615 0.0342297 0.151584 0.562168
24 0.427385 0.487127 0.0932005 0.265569 0.402384
26 0.176629 0.804484 0.0966804 0.300797 0.361005
26 0.175287 0.876725 0.0908882 0.155616 0.354743
0 0.472726 0.372299 0.0238264 0.069991 0.318476
0 0.079092 0.387088 0.0319397 0.0792024 0.312805
24 0.162424 0.431745 0.025563 0.0827468 0.302073
26 0.161878 0.430173 0.0252196 0.0721649 0.276664
