0 0.820814 0.642829 0.148093 0.698598 0.915804
0 0.188857 0.567118 0.0794455 0.415117 0.889894
0 0.670482 0.619605 0.125597 0.724791 0.867837
0 0.54409 0.421007 0.0354237 0.175987 0.834647
0 0.316862 0.51275 0.0708871 0.312627 0.813065
0 0.24295 0.450206 0.0537561 0.222081 0.80602
0 0.894596 0.446338 0.0577824 0.284714 0.783855
0 0.0307927 0.448321 0.0508617 0.226651 0.780623
0 0.955161 0.447858 0.043964 0.273093 0.770046
0 0.410841 0.504365 0.0706865 0.314367 0.733798
0 0.750704 0.614604 0.0559597 0.581103 0.729295
0 0.0710383 0.469638 0.0286892 0.175254 0.681346
0 0.850923 0.379569 0.0391491 0.109295 0.673531
0 0.00904711 0.477403 0.0180942 0.171896 0.612676
26 0.910088 0.405855 0.0271252 0.124946 0.605195
26 0.213324 0.51712 0.0220783 0.178478 0.42238
26 0.301455 0.456098 0.0359356 0.118483 0.355197
26 0.956086 0.397606 0.0409014 0.0706111 0.32726
0 0.707273 0.362565 0.0301346 0.0725854 0.282003
0 0.443726 0.417606 0.0262117 0.0759011 0.280395
