0 0.823029 0.637007 0.141999 0.702013 0.911144
0 0.67942 0.619015 0.128383 0.734087 0.889033
0 0.184975 0.564087 0.0790631 0.413841 0.888853
0 0.891512 0.443827 0.059724 0.28923 0.827643
0 0.542546 0.422152 0.0349356 0.176702 0.815681
0 0.240615 0.450484 0.0496861 0.217295 0.807321
0 0.0322799 0.448502 0.0468404 0.22519 0.806759
0 0.316543 0.513827 0.0633807 0.310325 0.795473
0 0.952267 0.448057 0.0461956 0.270274 0.766784
0 0.414513 0.50438 0.071189 0.315907 0.766591
0 0.754778 0.616934 0.0579875 0.578752 0.694642
0 0.0692025 0.470272 0.0305754 0.172108 0.673611
0 0.0086488 0.478869 0.0172976 0.168886 0.628449
0 0.851636 0.373119 0.0350121 0.100671 0.619189
26 0.906742 0.406858 0.0279398 0.129437 0.583846
26 0.95416 0.398102 0.0388855 0.0769865 0.473197
26 0.20926 0.545691 0.022283 0.118304 0.465828
0 0.364514 0.468023 0.0433974 0.166209 0.403097
26 0.209257 0.517062 0.0235791 0.176565 0.37858
26 0.931348 0.481399 0.0244507 0.0916282 0.26261
