0 0.824321 0.634899 0.139296 0.707459 0.920697
0 0.685661 0.622091 0.136877 0.743908 0.897729
0 0.181593 0.562647 0.0764458 0.414414 0.883566
0 0.890565 0.4427 0.0584206 0.291145 0.832937
0 0.240251 0.452626 0.0496059 0.213596 0.809127
0 0.541908 0.42251 0.0345524 0.176788 0.8045
0 0.0330263 0.448389 0.0446077 0.224439 0.796264
0 0.318653 0.515392 0.0666691 0.311603 0.795052
0 0.415989 0.505434 0.0693928 0.318363 0.791295
0 0.951894 0.447541 0.0444656 0.268897 0.778844
0 0.0685454 0.470435 0.0312602 0.172162 0.669802
0 0.759105 0.616291 0.0590012 0.581791 0.662012
0 0.00842383 0.479283 0.0168477 0.16665 0.608353
26 0.90552 0.401933 0.0258957 0.128506 0.563742
0 0.853329 0.367915 0.0295444 0.0940379 0.54464
26 0.95195 0.399444 0.0401428 0.0755781 0.500608
26 0.206176 0.51497 0.0235311 0.176824 0.477389
0 0.366274 0.469655 0.0443578 0.164257 0.421604
26 0.929245 0.476097 0.0252773 0.0997645 0.37425
