0 0.826557 0.634533 0.133995 0.713066 0.912672
0 0.687377 0.622529 0.143601 0.747216 0.910939
0 0.180326 0.561172 0.0768176 0.416199 0.873593
0 0.889926 0.43839 0.0569443 0.288939 0.832363
0 0.411582 0.506279 0.0606288 0.31886 0.818172
0 0.540843 0.423265 0.0347591 0.174659 0.813882
0 0.950272 0.446736 0.0439651 0.267655 0.804111
0 0.239392 0.452459 0.0486149 0.21606 0.79892
0 0.0335738 0.448258 0.0445998 0.223505 0.797815
0 0.319789 0.516022 0.0659854 0.314141 0.786845
0 0.0685685 0.470424 0.0310471 0.171753 0.691086
0 0.00823042 0.478665 0.0164608 0.169704 0.60404
0 0.766809 0.615823 0.05148 0.579193 0.540074
26 0.203362 0.512254 0.0257498 0.176656 0.503859
26 0.950634 0.393512 0.040243 0.0852712 0.482367
0 0.367144 0.469932 0.0438332 0.164035 0.465583
26 0.903617 0.401054 0.0268322 0.128066 0.444443
26 0.927158 0.485585 0.0254929 0.0809289 0.323319
26 0.204216 0.532158 0.0230577 0.134462 0.288386
0 0.856414 0.366346 0.0236526 0.0840569 0.268842
