0 0.83145 0.638695 0.131412 0.713151 0.909062
0 0.694144 0.621213 0.148206 0.747581 0.906781
0 0.177462 0.560702 0.0779893 0.41965 0.887596
0 0.414891 0.507649 0.0613983 0.31903 0.845772
0 0.888467 0.438379 0.0549984 0.282521 0.843931
0 0.539616 0.422905 0.034062 0.175193 0.803769
0 0.239076 0.452151 0.048556 0.217158 0.786989
0 0.0332853 0.447626 0.045572 0.223028 0.786247
0 0.32042 0.516333 0.0640028 0.317642 0.783322
0 0.948374 0.446124 0.0439003 0.265889 0.756086
0 0.0684732 0.470171 0.0305867 0.171771 0.672644
0 0.761325 0.616797 0.0623323 0.581339 0.630043
0 0.00799168 0.478303 0.0159834 0.16987 0.594747
26 0.201048 0.540815 0.0244031 0.110192 0.582761
0 0.750855 0.614892 0.0422426 0.591335 0.477878
26 0.949658 0.396636 0.0397036 0.080374 0.447415
26 0.901472 0.400707 0.0265944 0.123201 0.442267
0 0.367508 0.470142 0.0429517 0.161244 0.419988
26 0.9243 0.484625 0.0280556 0.0838663 0.397286
26 0.304618 0.463419 0.0365545 0.118284 0.325724
0 0.638603 0.637144 0.0491791 0.571068 0.301423
