0 0.841062 0.641626 0.14335 0.711467 0.910796
0 0.698538 0.611729 0.15821 0.732554 0.890363
0 0.176249 0.559715 0.0782579 0.419371 0.887204
0 0.886451 0.436112 0.0552353 0.280455 0.851422
0 0.417382 0.508711 0.0652578 0.318947 0.821212
0 0.32022 0.516181 0.0627217 0.318392 0.802701
0 0.538382 0.421999 0.0332479 0.175951 0.802258
0 0.23863 0.451006 0.0478556 0.220407 0.795863
0 0.0334095 0.446459 0.0455849 0.223284 0.795815
0 0.947742 0.445393 0.0438725 0.26831 0.767532
0 0.0688566 0.469086 0.0304208 0.173848 0.672513
0 0.762707 0.617973 0.0600157 0.578381 0.657676
0 0.00766466 0.47905 0.0153293 0.169245 0.595443
26 0.200401 0.540849 0.0243401 0.110363 0.553643
0 0.368836 0.468655 0.0439576 0.163693 0.428766
26 0.89915 0.397462 0.028318 0.12347 0.413149
26 0.919572 0.479291 0.0306316 0.089107 0.400188
26 0.948358 0.394513 0.039576 0.0827696 0.359723
26 0.306005 0.464082 0.0358095 0.116471 0.331231
26 0.635091 0.63347 0.0322336 0.119285 0.256074
