0 0.854534 0.642191 0.161985 0.704357 0.920831
0 0.702378 0.619774 0.164459 0.744943 0.901068
0 0.171615 0.559727 0.0772359 0.419404 0.868183
0 0.418095 0.510182 0.0613526 0.320932 0.818594
0 0.318862 0.515213 0.0589603 0.318502 0.805103
0 0.884967 0.434766 0.053211 0.2756 0.804651
0 0.237886 0.453594 0.0465904 0.214219 0.804164
0 0.0334817 0.446042 0.0462137 0.222055 0.796167
0 0.537517 0.421661 0.0328543 0.176175 0.792478
0 0.945972 0.445003 0.0440163 0.268046 0.777348
0 0.069298 0.470074 0.0310542 0.173618 0.653326
0 0.00747655 0.479519 0.0149531 0.159483 0.566609
26 0.917725 0.476432 0.0250153 0.0945138 0.528581
0 0.76669 0.62521 0.0655635 0.56945 0.477796
0 0.370017 0.468556 0.0446002 0.162682 0.465406
0 0.981882 0.420652 0.0331535 0.202305 0.434557
26 0.198439 0.542219 0.0238428 0.109207 0.423867
0 0.780343 0.416131 0.0404275 0.14992 0.37026
26 0.306829 0.464142 0.0359474 0.115971 0.344005
0 0.481292 0.408471 0.0433702 0.158554 0.329793
0 0.113353 0.370993 0.0205739 0.0505354 0.323368
26 0.198339 0.508249 0.0248109 0.179177 0.310966
26 0.947974 0.394877 0.0374531 0.07399 0.299448
0 0.896695 0.442491 0.0298124 0.257351 0.261443
0 0.759462 0.35381 0.0265882 0.06234 0.256019
26 0.64065 0.631917 0.0353207 0.121558 0.254648
