0 0.861699 0.644085 0.165939 0.702804 0.917094
0 0.706978 0.615202 0.17059 0.733213 0.892669
0 0.169719 0.560933 0.0776098 0.419579 0.874284
0 0.237761 0.455092 0.0447464 0.212542 0.808195
0 0.321808 0.514751 0.0646425 0.3193 0.80752
0 0.418799 0.509791 0.0600127 0.321192 0.79342
0 0.536587 0.420476 0.0320022 0.176051 0.783986
0 0.0336748 0.446153 0.0466361 0.223551 0.782665
0 0.94351 0.444864 0.0426693 0.268329 0.781286
0 0.0696397 0.46914 0.0318019 0.175087 0.629297
0 0.768069 0.627307 0.0609158 0.557527 0.616986
0 0.982305 0.423242 0.0327045 0.206577 0.541634
0 0.00753605 0.478001 0.0150721 0.159249 0.515073
0 0.888223 0.431816 0.0447678 0.265066 0.467495
26 0.916967 0.475825 0.0241791 0.0950585 0.4526
0 0.781898 0.628389 0.0883738 0.562657 0.436159
26 0.197046 0.54157 0.0239841 0.110575 0.417071
0 0.371554 0.469642 0.0458924 0.159288 0.415512
0 0.115345 0.370473 0.0240262 0.0516725 0.345603
0 0.783974 0.415149 0.04098 0.135938 0.336075
0 0.762113 0.375366 0.0265068 0.104116 0.333913
26 0.196911 0.513079 0.0238729 0.169456 0.332116
26 0.307338 0.463131 0.0359546 0.115206 0.313399
0 0.76171 0.358845 0.0269245 0.0712975 0.301489
26 0.945092 0.39807 0.038319 0.0675289 0.288727
