0 0.868953 0.644555 0.170058 0.703056 0.921433
0 0.712561 0.618858 0.172758 0.744456 0.91636
0 0.166917 0.560595 0.0810057 0.419485 0.871405
0 0.321745 0.514358 0.0647573 0.321714 0.828749
0 0.535933 0.420187 0.0316839 0.17729 0.793218
0 0.420673 0.509647 0.0601494 0.322295 0.790689
0 0.237072 0.45429 0.0430316 0.214009 0.783419
0 0.0338041 0.44559 0.0467464 0.223779 0.772356
0 0.94275 0.445491 0.0408623 0.268273 0.771398
0 0.0692396 0.469698 0.0303715 0.173848 0.627134
0 0.889431 0.394352 0.040023 0.191642 0.618051
0 0.774431 0.629134 0.0691273 0.554056 0.538992
0 0.787829 0.420813 0.0407827 0.144411 0.489332
0 0.981969 0.423241 0.0342237 0.205887 0.46151
0 0.00737975 0.474086 0.0147595 0.165924 0.434628
0 0.373159 0.469428 0.047222 0.158649 0.401038
26 0.195241 0.512728 0.0239917 0.171548 0.364672
0 0.763446 0.373957 0.0256065 0.0995616 0.338857
0 0.115864 0.370213 0.0242965 0.0522063 0.337969
26 0.195344 0.541135 0.0230249 0.114193 0.331471
0 0.762143 0.359132 0.0265846 0.070422 0.300971
26 0.307242 0.462358 0.0364865 0.114098 0.277322
26 0.943775 0.395648 0.0380383 0.0702011 0.272642
