0 0.870701 0.645331 0.161945 0.694822 0.915547
0 0.718397 0.623739 0.177545 0.734709 0.9106
0 0.164082 0.562079 0.0814363 0.414082 0.878996
0 0.32315 0.51347 0.0662968 0.323576 0.829253
0 0.423172 0.508655 0.061082 0.324802 0.818494
0 0.534469 0.419646 0.0323566 0.17723 0.79891
0 0.237166 0.448883 0.042487 0.222864 0.789097
0 0.0336723 0.44641 0.0473173 0.225235 0.755174
0 0.940049 0.443857 0.0433554 0.267662 0.74444
0 0.0690333 0.470033 0.0307772 0.173339 0.643291
0 0.890808 0.382693 0.0338465 0.167253 0.608308
0 0.779531 0.62695 0.0718847 0.563034 0.552639
0 0.766893 0.370192 0.0244768 0.0893626 0.494484
0 0.983423 0.424913 0.0316933 0.20484 0.46893
0 0.484119 0.407877 0.0421503 0.158524 0.431408
0 0.116526 0.370088 0.024683 0.0518762 0.374297
0 0.375361 0.468755 0.0474953 0.157569 0.351213
26 0.19168 0.516244 0.0213446 0.168062 0.338981
0 0.793111 0.427557 0.0451839 0.16514 0.337753
0 0.00701272 0.468684 0.0140254 0.175986 0.322557
26 0.914712 0.473705 0.0249273 0.0906075 0.321847
0 0.764206 0.362294 0.0283924 0.073916 0.277078
26 0.19184 0.543131 0.0211883 0.113163 0.254686
