0 0.434408 0.613814 0.163083 0.760208 0.927077
0 0.0780098 0.627916 0.155855 0.724198 0.917841
0 0.852049 0.664473 0.188222 0.659643 0.917332
0 0.348872 0.499642 0.0663174 0.371579 0.865059
0 0.179328 0.468043 0.0412555 0.220563 0.792904
0 0.522968 0.42037 0.0286667 0.176409 0.791738
0 0.220961 0.466872 0.0433984 0.219017 0.777087
26 0.356787 0.797397 0.0643916 0.212363 0.772104
26 0.498154 0.808388 0.0518736 0.235383 0.76484
0 0.895771 0.398039 0.0465923 0.181387 0.741484
26 0.906676 0.69096 0.0452843 0.380583 0.693615
0 0.983741 0.431656 0.0318199 0.225239 0.690999
24 0.431303 0.470227 0.0941213 0.230886 0.63016
26 0.148243 0.685786 0.136207 0.530005 0.612362
26 0.167142 0.804774 0.0945578 0.299594 0.54309
0 0.577213 0.430113 0.0442303 0.229115 0.519021
24 0.430571 0.419058 0.0894924 0.127654 0.462181
0 0.0767427 0.38548 0.0373985 0.0786076 0.438864
0 0.958007 0.429821 0.0344662 0.181941 0.412597
0 0.473073 0.370109 0.023489 0.0661635 0.357789
0 0.861968 0.343325 0.0171093 0.0325702 0.299442
0 0.558832 0.415351 0.0227112 0.153744 0.297139
26 0.167057 0.873933 0.0879561 0.160219 0.284417
26 0.163056 0.426792 0.0241013 0.0690691 0.275089
0 0.568767 0.433952 0.0387512 0.227755 0.251289
