0 0.866082 0.644844 0.151425 0.69597 0.889892
0 0.163539 0.563354 0.0790644 0.409686 0.883757
0 0.719497 0.624031 0.173721 0.731941 0.883373
0 0.322878 0.513589 0.0654533 0.323519 0.843096
0 0.423475 0.508239 0.0590695 0.325738 0.827164
0 0.533639 0.420162 0.0333432 0.178849 0.805927
0 0.236776 0.44789 0.0436652 0.224312 0.803974
0 0.033645 0.445924 0.0468983 0.225957 0.772306
0 0.938439 0.443776 0.0437691 0.268069 0.757753
0 0.0689822 0.469322 0.0310829 0.172241 0.659178
0 0.78355 0.626765 0.0768536 0.563062 0.658769
0 0.485171 0.408734 0.0418668 0.158311 0.524355
0 0.827747 0.369942 0.0215195 0.0970178 0.450812
0 0.768673 0.370288 0.0251638 0.0895479 0.427089
0 0.116568 0.369779 0.0249463 0.0522093 0.424791
0 0.983437 0.426587 0.0320221 0.204484 0.394769
26 0.190025 0.534811 0.0218097 0.131284 0.392661
0 0.377442 0.466655 0.044972 0.155015 0.36803
0 0.00656836 0.465953 0.0131367 0.180697 0.299165
