0 0.863242 0.642432 0.143842 0.700994 0.90278
0 0.725411 0.625405 0.177684 0.732902 0.901596
0 0.161776 0.561823 0.077258 0.408844 0.888161
0 0.324519 0.513574 0.0657561 0.323316 0.854049
0 0.236359 0.449957 0.0426666 0.222285 0.81662
0 0.791672 0.620917 0.083782 0.569669 0.799904
0 0.425362 0.507874 0.0579576 0.326791 0.799109
0 0.531628 0.420085 0.0335697 0.178949 0.798297
0 0.0331422 0.446179 0.0467366 0.225062 0.785852
0 0.937076 0.444076 0.0424583 0.26789 0.755625
0 0.0689917 0.468427 0.0314763 0.175078 0.66033
0 0.772513 0.379404 0.0315332 0.106366 0.566071
26 0.1884 0.546946 0.0223362 0.107356 0.479033
0 0.00670474 0.461421 0.0134095 0.189921 0.465098
0 0.984109 0.423747 0.0305159 0.20747 0.428855
0 0.117271 0.369564 0.0246544 0.0524685 0.375619
0 0.378923 0.466859 0.045669 0.154245 0.363848
0 0.49421 0.406869 0.0221502 0.157091 0.360304
