0 0.866787 0.64057 0.148379 0.703582 0.909644
0 0.728783 0.625677 0.176606 0.733234 0.903674
0 0.161566 0.561455 0.077233 0.408692 0.891454
0 0.797272 0.618187 0.0843287 0.575653 0.850862
0 0.325823 0.514419 0.0642638 0.323143 0.848377
0 0.235706 0.450876 0.0421606 0.223234 0.829406
0 0.426446 0.507275 0.0588531 0.327716 0.800129
0 0.530104 0.42005 0.0340021 0.178263 0.795516
0 0.0323 0.446852 0.047674 0.221956 0.792557
0 0.936183 0.443907 0.0418087 0.267026 0.733958
0 0.0690297 0.469082 0.0307126 0.173033 0.676834
0 0.774199 0.375209 0.0328651 0.100077 0.5261
0 0.00682251 0.460887 0.013645 0.185065 0.478339
26 0.185912 0.545934 0.0229156 0.108026 0.442459
0 0.117994 0.369206 0.0242684 0.0528859 0.396838
0 0.984113 0.424229 0.0305054 0.207906 0.32277
0 0.379894 0.466548 0.0462217 0.154902 0.299822
