0 0.874089 0.639832 0.153312 0.706155 0.923035
0 0.731676 0.623945 0.173794 0.732636 0.904102
0 0.160066 0.559553 0.0760417 0.41081 0.894853
0 0.802967 0.621334 0.0826284 0.588452 0.844166
0 0.327031 0.514596 0.0645713 0.32375 0.843274
0 0.235398 0.451247 0.0426109 0.222756 0.841768
0 0.429846 0.507722 0.0636867 0.328808 0.808012
0 0.528414 0.42076 0.034879 0.177387 0.79002
0 0.0313645 0.447647 0.045313 0.222886 0.759155
0 0.936422 0.443197 0.0378273 0.261377 0.682009
0 0.0694669 0.46773 0.0296261 0.17584 0.650772
0 0.775881 0.370929 0.0323435 0.0930823 0.521606
0 0.00660588 0.45807 0.0132118 0.193767 0.443847
26 0.183379 0.544876 0.022497 0.1111 0.400675
0 0.118174 0.36955 0.0237106 0.0514176 0.30897
0 0.379903 0.434597 0.0443028 0.0889101 0.297089
0 0.380122 0.467509 0.045931 0.157523 0.280695
0 0.61962 0.407742 0.0432655 0.129912 0.27195
