0 0.889587 0.636613 0.154379 0.715963 0.924469
0 0.738447 0.62492 0.166439 0.738406 0.906686
0 0.158145 0.560384 0.0736971 0.40883 0.881999
0 0.811609 0.629629 0.074716 0.614181 0.830693
0 0.527274 0.419899 0.0347771 0.177638 0.824444
0 0.431314 0.507595 0.0649675 0.330185 0.814095
0 0.234104 0.452335 0.0421117 0.221141 0.811866
0 0.329898 0.516431 0.0642335 0.324042 0.794114
0 0.0313417 0.448217 0.0455634 0.217972 0.766671
0 0.069548 0.466687 0.0292989 0.175144 0.604519
0 0.7777 0.370057 0.0325905 0.0922161 0.455575
26 0.315531 0.463593 0.0383155 0.120138 0.448071
0 0.00688041 0.460089 0.0137608 0.190801 0.423099
0 0.934452 0.40033 0.0392181 0.174638 0.399045
0 0.618127 0.421731 0.0410435 0.161816 0.351583
0 0.380933 0.434937 0.0448175 0.0892537 0.343528
26 0.180859 0.54427 0.0239533 0.108826 0.303891
