0 0.900147 0.635489 0.157086 0.719464 0.911654
0 0.738721 0.623058 0.159501 0.743649 0.904402
0 0.157433 0.559095 0.0732021 0.407439 0.876176
0 0.525837 0.420259 0.0344834 0.177164 0.817265
0 0.431151 0.508675 0.0630597 0.329937 0.808645
0 0.23264 0.454649 0.0439456 0.223279 0.80031
0 0.817145 0.62959 0.0681611 0.6088 0.80009
0 0.031663 0.447859 0.0455022 0.221741 0.770486
0 0.333159 0.516844 0.0629755 0.322365 0.752133
0 0.0694979 0.465918 0.0291963 0.175137 0.610273
0 0.862185 0.358367 0.035111 0.10936 0.588428
0 0.00677664 0.461406 0.0135533 0.189542 0.457721
26 0.316462 0.462119 0.039151 0.127208 0.438789
0 0.62024 0.423 0.0445942 0.169772 0.427985
0 0.780014 0.369087 0.0340519 0.0891676 0.351761
0 0.382503 0.435503 0.0439518 0.090175 0.337385
0 0.934422 0.366807 0.0317972 0.105373 0.324167
0 0.9918 0.66429 0.0156742 0.298234 0.281632
26 0.458982 0.50067 0.0200258 0.0743811 0.274173
0 0.38221 0.469025 0.0455284 0.158604 0.250671
