0 0.914426 0.634785 0.158266 0.720598 0.925207
0 0.74068 0.620355 0.152217 0.749323 0.904505
0 0.156586 0.556546 0.0743946 0.400172 0.882085
0 0.231352 0.454685 0.0435038 0.22298 0.818435
0 0.430437 0.509369 0.0578236 0.329881 0.812519
0 0.523963 0.420596 0.0332887 0.176861 0.803576
0 0.821926 0.637154 0.0655415 0.621251 0.799503
0 0.0320467 0.449063 0.0432179 0.220932 0.772346
0 0.864338 0.36215 0.0383358 0.11132 0.771545
0 0.336725 0.51883 0.0625581 0.325724 0.745772
0 0.0683526 0.46557 0.029547 0.176483 0.641941
0 0.783693 0.368015 0.0298317 0.088309 0.588812
0 0.619645 0.424865 0.0453257 0.176925 0.520509
26 0.318766 0.462074 0.0396681 0.133533 0.489234
0 0.00741267 0.457558 0.0148253 0.196419 0.48235
0 0.382898 0.469825 0.0440982 0.161103 0.32568
0 0.383205 0.437094 0.0432484 0.0949688 0.318518
0 0.990552 0.653773 0.0178986 0.274609 0.312607
26 0.459353 0.501384 0.0194006 0.0745329 0.266322
