0 0.918633 0.632897 0.162053 0.72441 0.940642
0 0.740687 0.618259 0.147541 0.750701 0.885755
0 0.156952 0.554876 0.0740283 0.40209 0.88052
0 0.231198 0.455069 0.0440853 0.222658 0.833562
0 0.43434 0.51046 0.0639757 0.33273 0.797308
0 0.523418 0.420992 0.0321642 0.176165 0.796315
0 0.0309884 0.449091 0.0433727 0.220925 0.772513
0 0.825502 0.640002 0.06082 0.625992 0.765652
0 0.338258 0.519206 0.0629591 0.3269 0.756217
0 0.867201 0.363233 0.0404652 0.124677 0.660813
0 0.0681558 0.465353 0.0291559 0.174846 0.641493
0 0.618825 0.426824 0.046916 0.182621 0.58032
26 0.319813 0.464734 0.0399473 0.127358 0.575163
0 0.783624 0.359802 0.0267931 0.0712935 0.467511
0 0.00699586 0.458082 0.0139917 0.196396 0.414898
0 0.384167 0.467287 0.0421287 0.154479 0.339061
0 0.384158 0.442459 0.0411827 0.104478 0.325491
0 0.209473 0.388262 0.0228186 0.117695 0.288999
