0 0.9204 0.629557 0.158363 0.727356 0.940515
0 0.156661 0.554799 0.0752021 0.403383 0.880243
0 0.74549 0.616883 0.139684 0.753298 0.863675
0 0.230204 0.456125 0.0436352 0.219922 0.837816
0 0.521648 0.420751 0.0341568 0.175713 0.797154
0 0.434106 0.511737 0.062482 0.332391 0.781932
0 0.337673 0.519987 0.0677402 0.327417 0.765728
0 0.0296999 0.449293 0.0430432 0.220448 0.764118
0 0.828029 0.647546 0.0586372 0.634674 0.762087
0 0.870159 0.363627 0.0444157 0.125788 0.709956
0 0.0689132 0.466343 0.0294643 0.176135 0.673712
0 0.618509 0.426718 0.0485624 0.181101 0.619354
26 0.320736 0.466201 0.0404659 0.126119 0.613192
0 0.00622053 0.466534 0.0124411 0.178584 0.414962
0 0.785066 0.358993 0.0283508 0.0695517 0.409907
0 0.207002 0.389523 0.0244837 0.124431 0.391275
0 0.384773 0.443785 0.0395211 0.107096 0.37241
0 0.384668 0.468492 0.0403333 0.157599 0.370689
0 0.810169 0.368841 0.0243912 0.0903948 0.286557
0 0.122818 0.369753 0.0268412 0.0522459 0.270088
