0 0.923322 0.632105 0.152627 0.724939 0.94132
0 0.155612 0.55453 0.0769274 0.402662 0.879145
0 0.753379 0.616828 0.130756 0.750936 0.85966
0 0.229381 0.457523 0.0439865 0.218631 0.850446
0 0.33936 0.519825 0.071158 0.328101 0.830063
0 0.519236 0.420168 0.0362671 0.174802 0.807061
0 0.435824 0.512758 0.0666998 0.328915 0.802859
0 0.831851 0.643856 0.0605843 0.616108 0.790954
0 0.0283851 0.44919 0.0439026 0.221277 0.761298
0 0.0683294 0.466618 0.0297989 0.175824 0.664917
0 0.615844 0.429739 0.0455788 0.182917 0.65476
0 0.811045 0.37348 0.0285439 0.102594 0.553229
0 0.870808 0.364653 0.0444221 0.125552 0.537634
0 0.786011 0.353263 0.0268684 0.0602603 0.510726
26 0.321832 0.463763 0.0405849 0.127158 0.486941
0 0.385615 0.445683 0.0368283 0.109482 0.456302
0 0.205501 0.390104 0.0242414 0.125915 0.387366
0 0.00640483 0.470639 0.0128097 0.170696 0.356198
26 0.177734 0.534921 0.0206197 0.111754 0.347969
0 0.385886 0.465439 0.0375541 0.155264 0.295009
0 0.12206 0.369876 0.0237513 0.0522276 0.262494
0 0.86431 0.366668 0.0330578 0.125351 0.262354
