0 0.436245 0.615356 0.162638 0.75847 0.925944
0 0.846955 0.663147 0.186879 0.664281 0.921525
0 0.075885 0.624932 0.151163 0.724092 0.91496
0 0.348961 0.498323 0.0657862 0.373136 0.847306
0 0.176028 0.468185 0.0441993 0.220015 0.795245
0 0.523241 0.420389 0.028949 0.177106 0.786633
0 0.220692 0.467007 0.0446726 0.22168 0.781933
26 0.501492 0.813155 0.0516752 0.238863 0.774701
26 0.359376 0.797694 0.0644678 0.225616 0.751744
0 0.896497 0.40461 0.050746 0.196972 0.716016
0 0.983234 0.437191 0.0324688 0.237443 0.682457
24 0.434666 0.415248 0.0905309 0.120812 0.62041
26 0.905879 0.686899 0.0496574 0.379997 0.612555
0 0.574776 0.430899 0.0413012 0.230252 0.605819
24 0.435558 0.451272 0.0969231 0.18839 0.564333
0 0.957911 0.420806 0.0345696 0.200006 0.534422
26 0.140706 0.68274 0.136205 0.526498 0.533937
26 0.161202 0.806618 0.0938041 0.297324 0.525669
0 0.0745984 0.38335 0.0406015 0.0745702 0.464589
0 0.472934 0.365727 0.0227008 0.0574159 0.361814
26 0.902238 0.756116 0.0430729 0.239943 0.346904
26 0.160762 0.875233 0.0865431 0.158432 0.346357
0 0.862652 0.346539 0.0190819 0.034692 0.344645
