0 0.924577 0.632272 0.150224 0.725658 0.938604
0 0.154645 0.55618 0.0771877 0.399612 0.875049
0 0.757619 0.618235 0.130591 0.747814 0.863922
0 0.341863 0.520123 0.0710276 0.327134 0.851392
0 0.228796 0.458236 0.0444644 0.21865 0.83115
0 0.436892 0.513744 0.0669539 0.328833 0.823716
0 0.518672 0.419816 0.0360764 0.176519 0.821689
0 0.838408 0.653329 0.0570091 0.631392 0.774289
0 0.0286214 0.448941 0.0422525 0.220634 0.750201
0 0.0683573 0.46672 0.0299746 0.1754 0.660845
0 0.617639 0.431647 0.0496604 0.183595 0.621647
0 0.870369 0.365559 0.0436867 0.133721 0.554996
0 0.810533 0.373392 0.0301847 0.101518 0.53744
0 0.00629749 0.473539 0.012595 0.163721 0.432107
0 0.788077 0.351651 0.0236946 0.0572244 0.412732
26 0.177389 0.534487 0.0210369 0.111606 0.391743
26 0.325361 0.464207 0.0395619 0.124889 0.390457
0 0.386477 0.445433 0.0347677 0.109533 0.389165
0 0.203683 0.390971 0.0250716 0.128313 0.348046
0 0.386732 0.465001 0.0351061 0.154371 0.315784
