0 0.927924 0.637187 0.143527 0.716565 0.929372
0 0.770303 0.619905 0.131944 0.745023 0.889505
0 0.151556 0.555111 0.0774477 0.402606 0.875468
0 0.345221 0.519658 0.0729664 0.32886 0.855562
0 0.437714 0.515607 0.0657122 0.329651 0.845756
0 0.516928 0.419546 0.0352036 0.176959 0.845503
0 0.226968 0.457551 0.0422019 0.22135 0.83496
0 0.843136 0.658288 0.0570465 0.631471 0.785958
0 0.869005 0.369391 0.0433786 0.13844 0.743788
0 0.0283927 0.445469 0.0422378 0.2205 0.730442
0 0.067729 0.467036 0.031994 0.171775 0.653633
0 0.612975 0.432535 0.0418766 0.17983 0.644537
0 0.38767 0.460822 0.0330142 0.141661 0.416617
26 0.32867 0.464978 0.0401429 0.119946 0.409907
0 0.00630358 0.47287 0.0126072 0.168021 0.403701
0 0.121549 0.369526 0.0214708 0.0518634 0.339768
0 0.810618 0.363168 0.0290049 0.076432 0.323099
0 0.200016 0.394622 0.027097 0.128257 0.30385
26 0.175782 0.53569 0.0210295 0.1087 0.292606
0 0.709614 0.625578 0.0584948 0.683055 0.265191
