0 0.929784 0.637115 0.139875 0.714493 0.925809
0 0.77634 0.622402 0.136866 0.740139 0.895525
0 0.149908 0.557742 0.0785825 0.397727 0.886468
0 0.438282 0.515589 0.065413 0.330097 0.853574
0 0.347109 0.518822 0.073668 0.329028 0.851395
0 0.516565 0.419878 0.0349082 0.176711 0.838757
0 0.226778 0.457023 0.0432955 0.222245 0.834223
0 0.868839 0.369916 0.0434326 0.137842 0.78005
0 0.848002 0.658966 0.0585613 0.634755 0.753049
0 0.0282477 0.445459 0.0411436 0.218346 0.721649
0 0.61205 0.433931 0.0403683 0.177692 0.681489
0 0.0679678 0.466472 0.0324629 0.173159 0.648179
26 0.329546 0.464241 0.0406113 0.121508 0.52494
0 0.810885 0.364488 0.0322767 0.0787962 0.4722
0 0.00632434 0.476145 0.0126487 0.16028 0.415084
0 0.38796 0.462332 0.0319264 0.146125 0.368468
0 0.121831 0.369417 0.0217332 0.0521681 0.288703
0 0.387788 0.439428 0.0314003 0.100274 0.261036
0 0.727164 0.693521 0.0895594 0.535316 0.258275
26 0.175341 0.535938 0.0221793 0.110392 0.255975
