0 0.931285 0.638777 0.13682 0.712152 0.923458
0 0.781071 0.622865 0.136627 0.738242 0.895965
0 0.148471 0.560018 0.0775005 0.392776 0.879191
0 0.438856 0.514992 0.0642235 0.332812 0.855968
0 0.516245 0.419651 0.0354029 0.176078 0.845774
0 0.348205 0.517873 0.0747257 0.332082 0.841388
0 0.22597 0.457628 0.0428417 0.220688 0.82836
0 0.852194 0.657827 0.0579933 0.63737 0.780123
0 0.867218 0.372991 0.0448114 0.144115 0.726393
0 0.0287046 0.445201 0.0408834 0.218121 0.721462
0 0.611043 0.434809 0.0388104 0.17791 0.674857
0 0.0671309 0.466131 0.0325306 0.173225 0.665406
26 0.330039 0.463579 0.0400054 0.12121 0.525341
0 0.813615 0.363835 0.0322569 0.0765598 0.463799
0 0.90445 0.358776 0.0225269 0.108509 0.363419
26 0.174272 0.538948 0.0223313 0.104441 0.351765
0 0.00646878 0.474461 0.0129376 0.162274 0.348398
0 0.742407 0.357538 0.0310241 0.0874077 0.33119
0 0.388183 0.446311 0.0312382 0.11326 0.320293
0 0.713057 0.685373 0.0537092 0.514118 0.266166
