0 0.934967 0.64072 0.129418 0.707017 0.936321
0 0.784281 0.623768 0.13403 0.736608 0.880546
0 0.439104 0.514438 0.0653374 0.334997 0.861093
0 0.146992 0.558874 0.0761554 0.394176 0.859411
0 0.349905 0.515794 0.0743878 0.336512 0.851932
0 0.514896 0.419498 0.0354289 0.175762 0.851211
0 0.22489 0.456672 0.0454859 0.222317 0.821887
0 0.861711 0.652447 0.0580853 0.641988 0.739032
0 0.0283702 0.445498 0.0429392 0.220223 0.730036
0 0.609899 0.435634 0.037059 0.178184 0.722434
0 0.0664143 0.465828 0.0331832 0.173808 0.665069
0 0.73045 0.642098 0.0771494 0.606596 0.634749
26 0.331546 0.46199 0.0411976 0.121507 0.54484
0 0.86299 0.363017 0.052891 0.122146 0.483157
0 0.817877 0.364493 0.0298027 0.0771093 0.471958
0 0.00610737 0.474295 0.0122147 0.163306 0.440121
0 0.388839 0.467118 0.031568 0.154863 0.428884
26 0.172564 0.538012 0.0220349 0.107698 0.383398
26 0.172746 0.513704 0.022777 0.156695 0.375548
0 0.904794 0.351297 0.0271215 0.0862655 0.282691
0 0.121474 0.370263 0.021069 0.0532172 0.263485
