0 0.937392 0.643916 0.125139 0.705477 0.913872
0 0.146163 0.558559 0.0735115 0.394791 0.877069
0 0.7903 0.62218 0.134739 0.73629 0.875583
0 0.438962 0.514221 0.0656221 0.336908 0.860214
0 0.5142 0.420154 0.0350443 0.174345 0.847238
0 0.350613 0.516014 0.072416 0.339561 0.828871
0 0.224714 0.457242 0.0465335 0.22353 0.814903
0 0.609482 0.434079 0.0350241 0.177512 0.743845
0 0.027799 0.445395 0.0437717 0.221039 0.737137
0 0.864014 0.642884 0.0575592 0.62845 0.732841
0 0.735531 0.641767 0.0805834 0.606754 0.674067
0 0.0661682 0.466327 0.0322751 0.172573 0.652614
26 0.332488 0.462407 0.0435383 0.119615 0.538518
0 0.00611581 0.476807 0.0122316 0.159073 0.510153
0 0.389061 0.465845 0.0313624 0.151768 0.432055
0 0.907938 0.3682 0.0392067 0.123838 0.32009
26 0.169684 0.540067 0.0215967 0.104516 0.317901
0 0.904092 0.350451 0.0313637 0.0861082 0.289714
