0 0.941506 0.636827 0.116325 0.709417 0.924035
0 0.793946 0.621679 0.144717 0.7383 0.890694
0 0.144392 0.559895 0.0734381 0.387187 0.886798
0 0.440009 0.513391 0.0662689 0.337819 0.860298
0 0.512993 0.421407 0.0356933 0.171409 0.849133
0 0.741124 0.61972 0.0815313 0.569798 0.826679
0 0.225548 0.457087 0.0507071 0.22291 0.816563
0 0.350629 0.517358 0.0732098 0.341695 0.798204
0 0.609136 0.433692 0.0349007 0.177607 0.783742
0 0.0259304 0.44654 0.0484473 0.218645 0.707543
0 0.869331 0.613896 0.0620926 0.571868 0.680441
0 0.0657785 0.465836 0.0319005 0.173263 0.640715
0 0.00623636 0.478372 0.0124727 0.155448 0.533131
26 0.332084 0.463323 0.0470843 0.121373 0.5227
0 0.907063 0.373936 0.0389389 0.131866 0.510996
0 0.389271 0.46498 0.0303707 0.149191 0.510708
0 0.18931 0.421043 0.0307906 0.172478 0.421895
