0 0.945041 0.635619 0.109145 0.710047 0.920355
0 0.143176 0.557515 0.0742286 0.390437 0.891194
0 0.800478 0.621551 0.143198 0.745334 0.874242
0 0.441451 0.513091 0.0664573 0.337888 0.862373
0 0.511838 0.421881 0.0357412 0.171815 0.851994
0 0.224781 0.456048 0.0493803 0.225331 0.827107
0 0.745095 0.644125 0.0830975 0.631569 0.819808
0 0.353425 0.518401 0.0689088 0.340066 0.775683
0 0.608051 0.433048 0.0359362 0.180781 0.766721
0 0.0287773 0.446457 0.0424008 0.221925 0.745956
0 0.872335 0.642253 0.0574684 0.642398 0.720249
0 0.065838 0.466007 0.0327047 0.171291 0.635629
0 0.00629575 0.480587 0.0125915 0.151287 0.551114
0 0.842009 0.34918 0.0235107 0.0799298 0.515967
0 0.389065 0.466331 0.0311041 0.153273 0.477933
26 0.33375 0.463188 0.0457508 0.125155 0.383228
0 0.186847 0.420779 0.029217 0.174656 0.363893
0 0.90675 0.37574 0.0360184 0.136971 0.286669
26 0.165782 0.53889 0.0230701 0.105685 0.260682
0 0.904877 0.350122 0.0311176 0.0839763 0.255254
