0 0.946853 0.635324 0.105368 0.71593 0.919206
0 0.808223 0.620484 0.146743 0.743324 0.891903
0 0.141807 0.555951 0.0751137 0.391629 0.890344
0 0.440987 0.513013 0.0682989 0.338495 0.862151
0 0.510956 0.422456 0.0360042 0.171051 0.848948
0 0.223549 0.456585 0.0504056 0.225343 0.829631
0 0.749046 0.647189 0.0850437 0.642617 0.823504
0 0.353499 0.520546 0.0710993 0.337896 0.779309
0 0.608137 0.43273 0.0356407 0.181695 0.754442
0 0.028168 0.44691 0.0425095 0.221613 0.735997
0 0.879881 0.643547 0.0614182 0.645996 0.710263
0 0.0652414 0.465174 0.0319045 0.171412 0.638515
0 0.389373 0.46374 0.029937 0.147728 0.506395
0 0.00609244 0.478379 0.0121849 0.157735 0.482891
26 0.146459 0.644383 0.0274049 0.09103 0.412288
26 0.335798 0.465343 0.0464574 0.125411 0.36871
26 0.164066 0.540592 0.0246636 0.102178 0.345287
0 0.185702 0.41304 0.0281451 0.157856 0.325825
