0 0.950539 0.63614 0.0980425 0.714281 0.907028
0 0.822627 0.616733 0.147871 0.749187 0.897033
0 0.138716 0.553652 0.0753232 0.388502 0.890157
0 0.51026 0.421984 0.035541 0.171368 0.85231
0 0.441431 0.513428 0.0679697 0.340486 0.847403
0 0.755448 0.651641 0.086584 0.649432 0.827892
0 0.221653 0.457421 0.0479049 0.227002 0.800896
0 0.0270093 0.447039 0.0450781 0.219729 0.746639
0 0.606155 0.432098 0.0386591 0.184056 0.736076
0 0.353982 0.522484 0.067368 0.333995 0.689771
0 0.888433 0.648139 0.0628319 0.652034 0.670622
0 0.0656504 0.464947 0.0331635 0.172677 0.615877
0 0.389428 0.466561 0.0297177 0.154853 0.587438
26 0.340681 0.465038 0.0401549 0.131548 0.476438
0 0.00482223 0.477226 0.00964447 0.160287 0.412633
0 0.909201 0.375539 0.0293461 0.123754 0.38543
26 0.162873 0.508098 0.0253699 0.165193 0.380463
24 0.340769 0.467006 0.0400949 0.127033 0.371213
0 0.851908 0.33686 0.0242704 0.0800654 0.365268
26 0.146393 0.658118 0.0291381 0.0820903 0.337306
0 0.184341 0.426055 0.0306673 0.187239 0.318022
0 0.00626309 0.464503 0.0125086 0.18751 0.283616
