0 0.439827 0.618402 0.163852 0.754537 0.926492
0 0.838886 0.660302 0.183213 0.6666 0.925101
0 0.0737718 0.621358 0.146753 0.727132 0.901889
0 0.350807 0.497628 0.0681546 0.37503 0.864434
0 0.17637 0.468407 0.0435764 0.222907 0.805059
0 0.524686 0.421833 0.0287484 0.180484 0.797272
26 0.506213 0.82914 0.054265 0.235724 0.795481
0 0.220909 0.46683 0.0433074 0.222904 0.76858
0 0.983189 0.440692 0.0325516 0.242239 0.717123
0 0.0724528 0.382537 0.0446211 0.0711099 0.704482
26 0.361915 0.82026 0.0623895 0.208543 0.703171
0 0.89675 0.403763 0.0485352 0.195082 0.629038
26 0.127622 0.68396 0.142982 0.541326 0.623036
26 0.895058 0.674407 0.0460129 0.383734 0.598941
24 0.439141 0.464402 0.0946184 0.193376 0.548698
0 0.57995 0.42732 0.0422489 0.221468 0.52907
26 0.148505 0.80989 0.0987283 0.295389 0.515748
0 0.958697 0.421852 0.0369549 0.201977 0.49448
0 0.868827 0.395873 0.030092 0.132665 0.480336
26 0.893973 0.74845 0.0422691 0.23795 0.413906
24 0.439385 0.433935 0.0925655 0.133545 0.407932
0 0.561113 0.418405 0.0230448 0.159474 0.382661
0 0.472815 0.363858 0.021578 0.0530043 0.358601
0 0.695853 0.416272 0.0312468 0.216241 0.270966
26 0.163834 0.430189 0.0254463 0.0834596 0.262144
0 0.955447 0.442233 0.0303852 0.158241 0.252582
13 0.668053 0.567472 0.180623 0.124376 0.252454
