0 0.953266 0.632198 0.0925253 0.727891 0.907043
0 0.137711 0.550909 0.0742635 0.385711 0.891842
0 0.83341 0.616983 0.152242 0.749908 0.880515
0 0.442129 0.514054 0.0672625 0.34063 0.837557
0 0.758936 0.654675 0.0872679 0.653839 0.833412
0 0.509736 0.422566 0.0347859 0.170671 0.818854
0 0.221213 0.457801 0.0472767 0.22623 0.798123
0 0.607131 0.432073 0.0359462 0.184158 0.717764
0 0.0263128 0.44706 0.0460558 0.217867 0.714555
0 0.899622 0.650331 0.0654564 0.661456 0.674606
0 0.359033 0.521615 0.0612915 0.33508 0.65932
0 0.0648775 0.465028 0.0324674 0.172486 0.615548
0 0.389316 0.466318 0.0293679 0.153163 0.576678
0 0.00497009 0.482583 0.00994017 0.147813 0.453127
26 0.341406 0.466456 0.0421051 0.131234 0.406127
0 0.855682 0.337295 0.02234 0.0821432 0.384143
24 0.341244 0.467603 0.0417887 0.127337 0.369598
26 0.160969 0.529264 0.0251335 0.120557 0.328637
0 0.182506 0.427223 0.0326616 0.18998 0.306173
0 0.182143 0.400615 0.0316732 0.135388 0.262887
0 0.00678266 0.475588 0.0135653 0.16179 0.261326
