0 0.956968 0.627749 0.0851276 0.732743 0.896954
0 0.135774 0.550918 0.0770055 0.384703 0.894122
0 0.846135 0.61253 0.170668 0.762312 0.8819
0 0.447465 0.515994 0.0659078 0.339589 0.838461
0 0.764211 0.659645 0.086193 0.652063 0.831469
0 0.508882 0.42135 0.0335739 0.172989 0.809523
0 0.219621 0.457604 0.0463124 0.225243 0.802955
0 0.60505 0.429959 0.0351816 0.184552 0.741308
0 0.0295549 0.447836 0.0400535 0.216769 0.735843
0 0.0640747 0.464011 0.0330751 0.173226 0.654283
26 0.342843 0.468507 0.0439062 0.126139 0.541968
0 0.366603 0.526517 0.054417 0.330177 0.528193
0 0.762609 0.369223 0.0324741 0.103354 0.472094
0 0.178466 0.426207 0.0278925 0.191003 0.42224
0 0.89572 0.42206 0.0502865 0.172222 0.407012
0 0.389529 0.46797 0.0292196 0.152332 0.404622
0 0.904639 0.657962 0.0708836 0.651446 0.403965
0 0.00432248 0.481935 0.00864496 0.145071 0.39362
26 0.159775 0.50438 0.0263563 0.160561 0.368678
24 0.34287 0.467173 0.0448155 0.12676 0.305289
26 0.160001 0.529131 0.0258839 0.108836 0.286534
0 0.00575106 0.475793 0.0115021 0.153829 0.281089
0 0.354238 0.526459 0.0777904 0.330586 0.263919
