0 0.959384 0.629555 0.080508 0.731596 0.897404
0 0.134659 0.548632 0.0768953 0.389769 0.893231
0 0.850956 0.612851 0.177068 0.758354 0.884425
0 0.448707 0.517165 0.0643633 0.337612 0.851935
0 0.219434 0.457712 0.0474429 0.226623 0.816804
0 0.508548 0.421835 0.0338613 0.170755 0.808457
0 0.0296592 0.447258 0.0399477 0.218127 0.772173
0 0.767698 0.664856 0.086204 0.654811 0.741971
0 0.602992 0.430428 0.0372232 0.185182 0.731793
0 0.916839 0.665247 0.0728586 0.645061 0.692744
0 0.064128 0.464354 0.0341564 0.173402 0.655899
0 0.366723 0.524038 0.0581846 0.332915 0.588833
0 0.76685 0.372495 0.0331459 0.111396 0.511626
26 0.344611 0.47065 0.0428314 0.122441 0.505609
0 0.00457538 0.480254 0.00915076 0.145457 0.464126
0 0.389543 0.467679 0.0287336 0.155715 0.405313
0 0.902502 0.421063 0.0454376 0.16007 0.37833
0 0.17722 0.425301 0.0311035 0.188993 0.364739
26 0.158261 0.50321 0.0265306 0.160541 0.360021
26 0.159559 0.523407 0.025821 0.115157 0.302597
0 0.30436 0.401078 0.0275341 0.117892 0.272314
0 0.00615513 0.47443 0.0123103 0.147581 0.261539
