0 0.856457 0.613552 0.192049 0.756434 0.920463
0 0.962964 0.627524 0.0733963 0.735448 0.887591
0 0.134472 0.5483 0.0787556 0.390013 0.873724
0 0.449362 0.518272 0.0649185 0.336417 0.85496
0 0.220391 0.458558 0.0508289 0.226581 0.795748
0 0.50783 0.421815 0.0333493 0.170048 0.794667
0 0.0289844 0.447443 0.039155 0.217467 0.764985
0 0.601149 0.431403 0.0398838 0.178967 0.742717
0 0.772342 0.667019 0.0849886 0.654411 0.735183
0 0.365638 0.523945 0.0635113 0.336434 0.705753
0 0.0627567 0.464549 0.0337954 0.174327 0.616383
0 0.769421 0.375561 0.0321472 0.118964 0.612977
0 0.918917 0.664344 0.0686813 0.642859 0.57961
26 0.347145 0.473591 0.0395475 0.114687 0.54637
0 0.00489193 0.47904 0.00978387 0.146743 0.48995
0 0.906686 0.411848 0.0449694 0.141411 0.451055
0 0.17623 0.424035 0.0305157 0.183975 0.411889
26 0.157598 0.522556 0.0270604 0.116832 0.382589
0 0.389499 0.4673 0.0287245 0.152559 0.283059
