0 0.862352 0.612658 0.201793 0.757414 0.9097
0 0.132687 0.548142 0.0771481 0.389612 0.865114
0 0.450056 0.520316 0.0665802 0.336701 0.863898
0 0.966625 0.632556 0.0656645 0.723064 0.847916
0 0.506639 0.421233 0.0321573 0.168963 0.81078
0 0.366314 0.521642 0.0679016 0.341466 0.785465
0 0.218986 0.458029 0.0481081 0.22531 0.778567
0 0.0284599 0.447324 0.0394319 0.216688 0.766508
0 0.780192 0.669827 0.0883062 0.644997 0.721268
0 0.60159 0.433816 0.0377411 0.176839 0.711364
0 0.0627111 0.464286 0.0340493 0.174201 0.623124
0 0.927241 0.669097 0.0689808 0.637886 0.579422
0 0.772156 0.38254 0.0336833 0.13327 0.51181
0 0.00494326 0.476014 0.00988652 0.152412 0.462125
26 0.349128 0.471059 0.0403373 0.115427 0.432732
26 0.15682 0.503442 0.0286135 0.159813 0.370715
0 0.172701 0.427959 0.0285166 0.186672 0.329367
0 0.821022 0.338028 0.023954 0.0552727 0.298364
0 0.304771 0.403394 0.0260423 0.117178 0.259017
