0 0.866425 0.612193 0.208796 0.760542 0.901777
0 0.450585 0.520493 0.0693047 0.33712 0.868996
0 0.132306 0.548763 0.0769778 0.388231 0.856485
0 0.969126 0.63103 0.0608425 0.722969 0.834574
0 0.218725 0.457767 0.0483769 0.224151 0.809867
0 0.368302 0.521155 0.0702662 0.34386 0.809465
0 0.505774 0.420672 0.0324007 0.170091 0.80322
0 0.028345 0.446965 0.0395251 0.215669 0.758797
0 0.602606 0.432877 0.0351442 0.174471 0.714257
0 0.785653 0.670927 0.0898911 0.638403 0.644172
0 0.0624284 0.464063 0.0339595 0.174088 0.607589
26 0.350572 0.466652 0.0429033 0.120234 0.508183
0 0.772944 0.384971 0.0276012 0.135247 0.469629
0 0.932682 0.669546 0.0726662 0.635174 0.457899
0 0.00519911 0.475671 0.0103982 0.155713 0.438243
26 0.156387 0.524706 0.0280945 0.114754 0.426862
0 0.167444 0.425998 0.0328321 0.18987 0.375941
26 0.579965 0.437444 0.016574 0.0593226 0.350661
0 0.00584641 0.451197 0.0116928 0.203914 0.318951
26 0.578891 0.442783 0.0144304 0.0474326 0.295108
0 0.305164 0.403605 0.0264646 0.118601 0.288774
0 0.921101 0.409527 0.0479488 0.122629 0.261815
