0 0.873765 0.618258 0.218119 0.753102 0.909345
0 0.131557 0.550276 0.0770017 0.38523 0.871424
0 0.451076 0.520078 0.0704971 0.337811 0.86135
0 0.368998 0.518794 0.0714759 0.345752 0.834291
0 0.217341 0.458485 0.046582 0.224591 0.818266
0 0.504848 0.421911 0.0324372 0.169635 0.81729
0 0.974194 0.643022 0.0506699 0.693394 0.757798
0 0.0286535 0.446514 0.0396844 0.212141 0.740258
0 0.601735 0.432958 0.0358847 0.174162 0.695074
0 0.0616718 0.463849 0.0322768 0.173519 0.661993
26 0.35108 0.465057 0.0435821 0.120821 0.603514
0 0.943329 0.663431 0.0797531 0.64537 0.566459
0 0.78383 0.669329 0.0715679 0.646843 0.519604
0 0.0055603 0.474949 0.0111206 0.156234 0.479463
26 0.155034 0.530041 0.0276648 0.106852 0.415201
0 0.929609 0.406403 0.0493221 0.126468 0.410079
26 0.154916 0.50821 0.0288756 0.156104 0.398052
26 0.580114 0.43256 0.0192258 0.0678196 0.396511
0 0.78239 0.392073 0.0378077 0.136728 0.360611
0 0.305814 0.403625 0.0262955 0.117354 0.358604
26 0.578657 0.443927 0.0161411 0.0442071 0.325959
