0 0.879244 0.61857 0.224721 0.74879 0.898
0 0.13157 0.552517 0.078398 0.380558 0.880806
0 0.451448 0.520081 0.0707499 0.338319 0.871453
0 0.370188 0.519063 0.0723852 0.346947 0.847134
0 0.217762 0.458973 0.0469412 0.224428 0.834498
0 0.504312 0.42194 0.0322218 0.169371 0.824821
0 0.97671 0.641822 0.0455544 0.701301 0.779898
0 0.0285692 0.446636 0.0404543 0.211053 0.734277
0 0.0617723 0.46441 0.0312054 0.172835 0.692795
0 0.600362 0.432189 0.0370157 0.171024 0.69276
0 0.946213 0.6597 0.0810963 0.656076 0.672895
26 0.352435 0.46453 0.0417665 0.11786 0.580731
26 0.154876 0.531022 0.0279436 0.103998 0.483781
26 0.154902 0.513945 0.0292875 0.143329 0.446693
26 0.580383 0.428022 0.0197991 0.0769543 0.400923
0 0.780708 0.39364 0.0408411 0.144318 0.36892
0 0.935834 0.405124 0.0556087 0.143935 0.3608
26 0.578697 0.445216 0.0162619 0.0411959 0.359075
0 0.00540085 0.467072 0.0108017 0.164937 0.342868
0 0.307196 0.404493 0.0256904 0.119184 0.340051
0 0.795238 0.663138 0.0874846 0.650278 0.336489
0 0.00666201 0.451536 0.013324 0.196647 0.278457
