0 0.882563 0.619419 0.229865 0.747959 0.912882
0 0.131336 0.552014 0.0782805 0.380816 0.876285
0 0.453322 0.518969 0.0739204 0.34099 0.856683
0 0.21712 0.458938 0.0458119 0.224257 0.838403
0 0.37153 0.519141 0.0723656 0.346189 0.835076
0 0.503603 0.42179 0.032657 0.16952 0.800428
0 0.0274607 0.446581 0.0419841 0.212741 0.738899
0 0.0620466 0.464191 0.0313336 0.173145 0.686935
0 0.599625 0.430874 0.0390505 0.171799 0.664998
0 0.978394 0.701369 0.0423584 0.579406 0.636
0 0.951162 0.660738 0.0780844 0.657175 0.598581
26 0.353808 0.465474 0.0419016 0.118447 0.543779
0 0.803635 0.664554 0.0949396 0.641256 0.529053
26 0.15471 0.531644 0.027476 0.105465 0.473844
26 0.580629 0.425377 0.0202066 0.0826107 0.413064
26 0.154459 0.512494 0.028208 0.148556 0.409532
26 0.578817 0.444503 0.0167281 0.0430725 0.402566
0 0.780638 0.400985 0.0445082 0.155559 0.388931
0 0.942191 0.408202 0.0588184 0.156888 0.374678
0 0.307061 0.4041 0.0250954 0.118756 0.339667
0 0.827181 0.374185 0.0457144 0.0753465 0.295105
0 0.00602243 0.456006 0.0120449 0.189357 0.293345
0 0.810902 0.357758 0.022279 0.0922719 0.289205
0 0.0050334 0.470492 0.0100668 0.158122 0.284817
0 0.163606 0.403809 0.0249432 0.14288 0.284407
0 0.780837 0.460147 0.0448242 0.273617 0.252513
