0 0.888755 0.619051 0.222491 0.75066 0.926777
0 0.130721 0.552686 0.077993 0.380065 0.870759
0 0.455023 0.517699 0.0724436 0.343215 0.845163
0 0.217004 0.458968 0.0459167 0.223787 0.838094
0 0.373866 0.520591 0.0712102 0.347719 0.82588
0 0.501758 0.421399 0.0327983 0.170419 0.809496
0 0.0273312 0.445724 0.0416904 0.214317 0.749799
0 0.777804 0.421266 0.0478224 0.201647 0.697458
0 0.0616632 0.463698 0.0319738 0.174796 0.663117
0 0.597436 0.429886 0.0387743 0.174966 0.623415
0 0.949795 0.417172 0.0618624 0.188288 0.620714
0 0.812 0.663071 0.0886141 0.655248 0.604369
0 0.980007 0.707271 0.0392122 0.569101 0.566022
26 0.355948 0.474657 0.0416056 0.113167 0.530455
0 0.985716 0.706367 0.0276814 0.564074 0.511399
26 0.153915 0.530335 0.0266749 0.102714 0.510551
0 0.957315 0.652373 0.0788271 0.661732 0.508199
26 0.153345 0.50846 0.0262321 0.150003 0.488721
0 0.307583 0.403079 0.026412 0.118312 0.46201
26 0.57918 0.443862 0.0165817 0.0415861 0.417701
0 0.809429 0.368485 0.0245827 0.110025 0.390014
0 0.00589748 0.472803 0.011795 0.157462 0.388524
26 0.580766 0.425991 0.019565 0.0775977 0.352895
0 0.332248 0.427669 0.0241785 0.0857878 0.325634
0 0.832856 0.376776 0.0476189 0.091056 0.282066
0 0.161334 0.402006 0.0242735 0.12583 0.281423
0 0.809784 0.345295 0.0227802 0.0646589 0.255439
