0 0.834869 0.659663 0.181887 0.670348 0.928316
0 0.442908 0.619406 0.164611 0.753331 0.924398
0 0.0717451 0.619154 0.142657 0.730875 0.899808
0 0.351891 0.498132 0.0688501 0.378031 0.877221
26 0.508528 0.836763 0.0559875 0.237108 0.829553
0 0.179216 0.468368 0.0410137 0.222986 0.787004
0 0.52554 0.421918 0.0283349 0.18139 0.777321
0 0.221608 0.466572 0.0449032 0.222851 0.746045
0 0.983477 0.441181 0.0320034 0.240849 0.719352
0 0.898526 0.434404 0.0467579 0.255124 0.682482
0 0.868563 0.399874 0.0346592 0.13989 0.675859
0 0.0729125 0.381891 0.0449339 0.0702211 0.670342
24 0.442424 0.462369 0.0945477 0.179101 0.607954
26 0.125328 0.686117 0.136764 0.541503 0.598999
26 0.14364 0.805007 0.0984164 0.304119 0.562159
26 0.888605 0.673678 0.0465553 0.372904 0.561712
26 0.365419 0.826765 0.0627943 0.206077 0.550134
24 0.442738 0.435539 0.0936555 0.124639 0.509134
0 0.584464 0.424703 0.0448065 0.219852 0.500523
0 0.957458 0.424288 0.0340122 0.193439 0.478599
26 0.560314 0.413751 0.0178661 0.0569666 0.442083
26 0.561048 0.391668 0.0216059 0.102685 0.36091
26 0.888317 0.738218 0.0434326 0.248097 0.356827
0 0.696412 0.416816 0.0323757 0.216617 0.353467
0 0.896239 0.406054 0.0423878 0.192296 0.34746
0 0.472675 0.36495 0.0225386 0.0531197 0.34713
26 0.164608 0.430664 0.0262902 0.0838042 0.281843
0 0.913605 0.466378 0.0269135 0.194716 0.276716
0 0.567816 0.417389 0.0312134 0.159865 0.272313
