0 0.892254 0.618416 0.214986 0.752583 0.909053
0 0.129858 0.552501 0.0767595 0.377976 0.872961
0 0.457794 0.518104 0.0714729 0.345105 0.823557
0 0.21639 0.458778 0.0448006 0.223303 0.822594
0 0.375966 0.521608 0.0708438 0.349772 0.822238
0 0.501562 0.421666 0.0328411 0.169761 0.78757
0 0.0280851 0.445518 0.0397935 0.21488 0.766611
0 0.776088 0.424263 0.0472207 0.20636 0.764231
0 0.0618875 0.46325 0.030909 0.174441 0.652255
0 0.818126 0.660069 0.0926483 0.665464 0.644688
0 0.807463 0.37259 0.0306164 0.116036 0.626272
0 0.597499 0.428627 0.0377991 0.176715 0.618819
0 0.955287 0.423707 0.0635658 0.201024 0.593935
26 0.356968 0.473917 0.0412141 0.116535 0.586606
26 0.1535 0.529726 0.0267617 0.110736 0.483111
0 0.959864 0.649969 0.0733398 0.647667 0.445558
26 0.579235 0.443618 0.0181473 0.0398731 0.409362
0 0.307733 0.403274 0.026635 0.119508 0.403864
0 0.98873 0.699483 0.0217728 0.53607 0.385689
26 0.580319 0.427359 0.0204268 0.0729371 0.377957
0 0.00618241 0.469614 0.0123648 0.162312 0.368639
0 0.981697 0.71133 0.035807 0.563008 0.368171
0 0.332587 0.427866 0.0246673 0.0851052 0.320309
26 0.152969 0.507762 0.0265589 0.157471 0.313212
0 0.982197 0.850333 0.034754 0.296334 0.260013
