0 0.894679 0.61706 0.210249 0.754555 0.883196
0 0.129885 0.552705 0.0762711 0.375574 0.880058
0 0.375347 0.522675 0.0725645 0.347644 0.84354
0 0.458921 0.517351 0.0683914 0.347128 0.831207
0 0.216052 0.458979 0.0440756 0.223767 0.793277
0 0.500447 0.421453 0.0329687 0.169794 0.781163
0 0.0271605 0.445673 0.0407468 0.214285 0.753448
0 0.773567 0.432115 0.0452089 0.217207 0.689658
0 0.600531 0.429499 0.0302353 0.179173 0.624813
0 0.820746 0.659401 0.0897308 0.668215 0.624509
0 0.960084 0.653057 0.0785173 0.667476 0.622277
26 0.358358 0.471775 0.0408166 0.12611 0.613235
0 0.0617556 0.462767 0.0313702 0.171814 0.599764
26 0.153382 0.533659 0.0264013 0.10223 0.512433
26 0.579862 0.425402 0.0203217 0.0755241 0.466281
0 0.00617418 0.456194 0.0123484 0.192687 0.344383
0 0.816656 0.368279 0.046259 0.12081 0.338185
0 0.308558 0.404016 0.0258217 0.122018 0.332865
26 0.579049 0.440269 0.0181843 0.0450976 0.294175
0 0.958762 0.435461 0.0625664 0.232408 0.289393
0 0.99171 0.666478 0.015823 0.461895 0.288773
0 0.842421 0.371458 0.0514591 0.0942407 0.280152
0 0.33271 0.427044 0.0241887 0.0892166 0.279111
26 0.152905 0.508454 0.0260359 0.155795 0.274095
0 0.99224 0.54196 0.0148394 0.211992 0.254148
