0 0.899468 0.616084 0.199038 0.756787 0.884683
0 0.130009 0.553058 0.0747897 0.372377 0.882986
0 0.461962 0.517823 0.0696962 0.348709 0.829043
0 0.378959 0.524143 0.0692311 0.344316 0.815616
0 0.215917 0.459183 0.0441759 0.223614 0.803088
0 0.499251 0.421091 0.033747 0.170543 0.762656
0 0.0255423 0.44565 0.043128 0.214346 0.734142
0 0.772153 0.433232 0.0476122 0.213216 0.724712
0 0.0612808 0.462851 0.0322026 0.170805 0.639556
26 0.360417 0.476272 0.0413207 0.125681 0.606492
0 0.596317 0.42946 0.0303602 0.17747 0.585608
0 0.826972 0.652621 0.0848463 0.676803 0.574465
0 0.965872 0.63251 0.0677841 0.722642 0.507082
26 0.15366 0.532471 0.0255766 0.0963601 0.467078
0 0.308979 0.404698 0.0262814 0.126672 0.437177
26 0.579731 0.42513 0.0209791 0.0748406 0.43475
0 0.816083 0.370066 0.0456133 0.135694 0.365719
26 0.578912 0.440055 0.0190137 0.0446196 0.342015
0 0.80128 0.382274 0.0336296 0.13013 0.305755
0 0.966774 0.52615 0.0651421 0.409415 0.272163
0 0.332213 0.428227 0.0238898 0.0863657 0.268736
