0 0.903965 0.612911 0.190455 0.759294 0.896196
0 0.130461 0.552343 0.0741042 0.369714 0.870625
0 0.461551 0.518706 0.067139 0.349744 0.829883
0 0.216523 0.459336 0.0453017 0.22602 0.798527
0 0.380599 0.525903 0.0688682 0.345 0.798149
0 0.498958 0.420748 0.0334209 0.169969 0.772487
0 0.770732 0.432659 0.050626 0.217339 0.746017
0 0.0243837 0.446112 0.0434293 0.214339 0.716846
0 0.829201 0.658842 0.0932539 0.662959 0.712733
0 0.0604039 0.462622 0.0318895 0.169908 0.701575
26 0.362317 0.475895 0.0436609 0.126434 0.659288
0 0.813238 0.377683 0.0536362 0.150733 0.594058
0 0.967986 0.630241 0.0628233 0.612023 0.528169
0 0.593109 0.427323 0.0343061 0.18288 0.49956
26 0.153726 0.531113 0.0263593 0.0958533 0.487352
0 0.309349 0.404618 0.0265043 0.126866 0.458881
26 0.578578 0.44219 0.0189346 0.0426024 0.332137
26 0.579983 0.423839 0.0213249 0.0778049 0.292012
26 0.15325 0.505434 0.0261617 0.149308 0.287332
0 0.968789 0.526839 0.0615488 0.406836 0.250421
