0 0.911512 0.611281 0.174311 0.763633 0.914492
0 0.13065 0.546977 0.0739718 0.367077 0.884144
0 0.462675 0.519619 0.0655642 0.350513 0.857313
0 0.216113 0.459593 0.0454952 0.225466 0.832749
0 0.381595 0.527911 0.0724701 0.349369 0.82864
0 0.768604 0.433011 0.0512743 0.218197 0.802698
0 0.497459 0.41956 0.0333098 0.168315 0.755017
0 0.0246444 0.446135 0.0415569 0.213599 0.720293
0 0.0607036 0.462691 0.0313137 0.171026 0.719614
0 0.832102 0.662053 0.086101 0.66148 0.664898
0 0.814415 0.416847 0.0594852 0.235119 0.630527
0 0.588571 0.434145 0.039315 0.186925 0.566858
26 0.36502 0.477425 0.0436295 0.12561 0.556149
0 0.30902 0.405665 0.0276375 0.129065 0.528546
26 0.153719 0.528626 0.0262164 0.0982968 0.511799
26 0.153674 0.502222 0.0262566 0.152053 0.379743
0 0.972102 0.558866 0.0547485 0.456873 0.375775
0 0.333184 0.429853 0.0256163 0.0857607 0.354004
26 0.578569 0.423322 0.0212185 0.082014 0.322634
0 0.00665561 0.458381 0.013282 0.175122 0.273244
0 0.860631 0.367024 0.0422836 0.081162 0.268367
26 0.577176 0.434425 0.0184127 0.0615903 0.264032
24 0.812991 0.513915 0.0430935 0.160808 0.255324
