0 0.915878 0.610165 0.166797 0.767188 0.913655
0 0.130394 0.546354 0.0730115 0.367053 0.890451
0 0.463903 0.521425 0.0648073 0.352332 0.857205
0 0.21618 0.459123 0.0455087 0.227643 0.843491
0 0.383137 0.529001 0.0723517 0.351372 0.83277
0 0.767322 0.433354 0.0523293 0.216469 0.803318
0 0.496795 0.418916 0.0327829 0.168658 0.755526
0 0.0607625 0.462775 0.031008 0.171864 0.723013
0 0.0238839 0.447212 0.0425129 0.211548 0.722905
0 0.837233 0.666033 0.0878372 0.654793 0.678244
0 0.588239 0.436738 0.0383955 0.187785 0.591812
0 0.824051 0.372734 0.0387325 0.149187 0.585561
0 0.309571 0.404412 0.0270715 0.126639 0.546816
26 0.15377 0.526465 0.0257777 0.10158 0.50615
0 0.799251 0.430672 0.0382212 0.225255 0.503624
0 0.975374 0.561438 0.0483398 0.454865 0.493862
26 0.365485 0.475518 0.0419575 0.129095 0.464973
0 0.33304 0.42973 0.0253997 0.0854373 0.418095
26 0.153622 0.501648 0.0260703 0.150951 0.330288
0 0.431921 0.459546 0.0345228 0.173322 0.285454
0 0.86391 0.370891 0.0419159 0.0770647 0.271539
