0 0.920192 0.609067 0.157996 0.768987 0.912313
0 0.130971 0.545154 0.0740385 0.36821 0.892789
0 0.464193 0.52214 0.0653774 0.350857 0.861912
0 0.215714 0.458923 0.0443401 0.227826 0.828154
0 0.38499 0.52864 0.0711493 0.352486 0.823996
0 0.766484 0.433747 0.0515292 0.216898 0.821987
0 0.0238775 0.447459 0.0435066 0.210891 0.747236
0 0.496492 0.420492 0.0326658 0.171536 0.747171
0 0.810859 0.421745 0.0629581 0.245511 0.737351
0 0.0607997 0.463186 0.0306532 0.170845 0.696809
0 0.841909 0.668751 0.0880276 0.653547 0.662445
0 0.5874 0.437377 0.0368696 0.182312 0.639582
0 0.977838 0.562733 0.0434948 0.455349 0.603273
0 0.309881 0.40446 0.0272681 0.126003 0.556365
26 0.15403 0.524303 0.0249125 0.103315 0.514452
0 0.333041 0.429074 0.0249611 0.0860565 0.379932
0 0.843764 0.37612 0.0188391 0.111158 0.339451
26 0.368381 0.474125 0.0407063 0.125678 0.314052
0 0.43122 0.462524 0.0354288 0.178387 0.304365
