0 0.925601 0.608819 0.147548 0.770914 0.909034
0 0.131045 0.54301 0.0736938 0.369282 0.887334
0 0.465453 0.523831 0.0675094 0.350629 0.849334
0 0.215274 0.459078 0.0435505 0.227936 0.834302
0 0.389127 0.528717 0.0733573 0.35197 0.824757
0 0.764682 0.433598 0.0509564 0.217295 0.821222
0 0.0233055 0.445653 0.0450648 0.214106 0.789988
0 0.495512 0.421737 0.0324886 0.173975 0.747847
0 0.806739 0.423469 0.0658361 0.241665 0.724083
0 0.0598414 0.463744 0.0275737 0.169889 0.698689
0 0.587749 0.439792 0.0329943 0.17846 0.610678
0 0.310291 0.403851 0.0275906 0.123728 0.588541
26 0.154896 0.522726 0.0247536 0.103924 0.58676
0 0.845869 0.679358 0.083766 0.63043 0.569958
0 0.870415 0.388213 0.0481438 0.136199 0.475449
0 0.846796 0.383242 0.0260494 0.124422 0.40392
0 0.981384 0.593028 0.0364885 0.506582 0.394368
0 0.333882 0.428546 0.02507 0.0871999 0.375271
26 0.370034 0.475229 0.0408111 0.117989 0.270598
0 0.797796 0.430477 0.0468719 0.22337 0.26143
0 0.335467 0.442075 0.0300421 0.114296 0.257757
0 0.00618094 0.443585 0.0123347 0.196219 0.254459
