0 0.929288 0.609718 0.140568 0.769376 0.929173
0 0.130971 0.543264 0.0735695 0.369257 0.89082
0 0.466058 0.52438 0.0655348 0.348915 0.850025
0 0.392157 0.528154 0.0727118 0.352867 0.830612
0 0.214834 0.459184 0.0433317 0.227772 0.827806
0 0.763569 0.433254 0.049327 0.21655 0.788829
0 0.0224179 0.445624 0.0445498 0.212593 0.780077
0 0.80477 0.422371 0.0644878 0.24473 0.772787
0 0.494736 0.4245 0.0331882 0.17802 0.753488
0 0.0593732 0.463783 0.0276093 0.168987 0.699075
0 0.587265 0.437614 0.0322788 0.178839 0.641717
26 0.155278 0.522566 0.0243839 0.104933 0.58579
0 0.310205 0.404558 0.0272978 0.12185 0.5834
0 0.849625 0.67816 0.0864605 0.63136 0.567737
26 0.371453 0.472167 0.0406675 0.125248 0.411816
0 0.985604 0.575276 0.0280081 0.466022 0.341186
0 0.847104 0.385045 0.0231726 0.125179 0.312918
0 0.33607 0.448712 0.0334413 0.128687 0.300808
0 0.332682 0.428237 0.0228943 0.0887453 0.280507
26 0.570302 0.453123 0.0132639 0.0293654 0.268703
0 0.873425 0.392956 0.048045 0.122344 0.265641
0 0.433552 0.435352 0.0319501 0.113382 0.251796
