0 0.934255 0.611184 0.130753 0.766099 0.928219
0 0.13112 0.544231 0.073651 0.367071 0.889574
0 0.860588 0.665804 0.0925411 0.652764 0.858448
0 0.465698 0.526956 0.0705425 0.352651 0.846498
0 0.393466 0.526778 0.0777632 0.355719 0.830525
0 0.213452 0.459486 0.0419557 0.229805 0.810731
0 0.763465 0.43576 0.0490345 0.217431 0.779861
0 0.493994 0.424912 0.0330248 0.178776 0.746457
0 0.0216892 0.446995 0.0419409 0.210357 0.661879
0 0.058605 0.464446 0.0274519 0.167826 0.656744
0 0.805081 0.428079 0.0684616 0.251088 0.601496
0 0.310435 0.404398 0.0260683 0.120756 0.56164
0 0.58291 0.438422 0.0365724 0.1852 0.553474
26 0.155438 0.523098 0.0243414 0.104767 0.543394
0 0.57711 0.437154 0.0271891 0.183041 0.453051
0 0.330072 0.376173 0.0149676 0.0565886 0.333021
0 0.856742 0.373765 0.0261864 0.106725 0.320309
26 0.373139 0.471509 0.0414042 0.124478 0.312159
0 0.794156 0.430164 0.049744 0.227215 0.298459
26 0.37271 0.499032 0.0395785 0.0633622 0.284603
26 0.570015 0.449941 0.0151295 0.0331441 0.277912
0 0.846068 0.387018 0.0304573 0.131925 0.277841
26 0.807176 0.409556 0.024032 0.0842915 0.251627
