0 0.445982 0.621725 0.162528 0.750513 0.927438
0 0.83117 0.656544 0.181847 0.675367 0.921355
0 0.0690355 0.61667 0.137244 0.733438 0.906054
0 0.353106 0.502129 0.0721558 0.385704 0.888936
0 0.224802 0.465178 0.0497171 0.224758 0.784182
0 0.17956 0.469617 0.040371 0.220146 0.781568
26 0.511555 0.845915 0.0574636 0.235438 0.77333
0 0.525472 0.42134 0.0280493 0.180006 0.769235
26 0.127862 0.684974 0.124124 0.543642 0.758733
0 0.869177 0.400313 0.0371582 0.147737 0.724048
0 0.983594 0.441735 0.0317535 0.241069 0.701499
26 0.368301 0.83009 0.0631688 0.213256 0.69858
0 0.898747 0.435326 0.0470621 0.254179 0.67786
0 0.587631 0.423791 0.0429315 0.22542 0.66165
0 0.698284 0.420386 0.0330229 0.225496 0.567775
24 0.445779 0.451109 0.0981098 0.149937 0.498207
26 0.139054 0.810887 0.100283 0.28992 0.484961
26 0.884065 0.735431 0.0426073 0.240009 0.484822
0 0.958369 0.423363 0.0355251 0.197751 0.478485
0 0.0687413 0.382167 0.0526776 0.0689996 0.451139
26 0.885802 0.668936 0.0478354 0.371695 0.450965
0 0.565807 0.422694 0.0289879 0.158625 0.424832
0 0.472864 0.364493 0.0224993 0.0504147 0.313981
0 0.914267 0.467161 0.0274757 0.196345 0.270121
0 0.396722 0.380161 0.01881 0.06276 0.261609
26 0.562056 0.394048 0.0220564 0.105955 0.251337
