0 0.937019 0.611623 0.125173 0.763169 0.920069
0 0.130967 0.54515 0.0733688 0.366033 0.888892
0 0.864295 0.662205 0.093248 0.65115 0.846718
0 0.466786 0.526587 0.0732452 0.352507 0.836648
0 0.39471 0.526453 0.0796778 0.356437 0.829451
0 0.213253 0.459376 0.043506 0.228397 0.815371
0 0.761929 0.436849 0.0462713 0.217303 0.777818
0 0.804835 0.42539 0.0657785 0.256099 0.764921
0 0.493733 0.424719 0.0323991 0.178061 0.711543
0 0.0210995 0.447841 0.0421515 0.207845 0.680788
0 0.0578128 0.4642 0.0282176 0.168759 0.665205
26 0.155313 0.523772 0.0243561 0.104614 0.550303
0 0.311053 0.404973 0.0260973 0.121052 0.545267
0 0.577298 0.43847 0.0292958 0.186369 0.537469
0 0.328581 0.376848 0.0145179 0.0593447 0.341862
0 0.852297 0.379426 0.0330315 0.127343 0.303177
26 0.37453 0.497152 0.0400053 0.0644162 0.291701
26 0.374533 0.471173 0.0415173 0.120661 0.289433
0 0.336084 0.448634 0.0343469 0.129601 0.272497
26 0.569278 0.44741 0.0147918 0.035736 0.263231
