0 0.939251 0.611723 0.12066 0.759992 0.9122
0 0.130694 0.543589 0.0733279 0.367977 0.886912
0 0.465425 0.526653 0.0767317 0.354178 0.847283
0 0.8697 0.660716 0.0955887 0.657465 0.841125
0 0.396828 0.52571 0.081218 0.357288 0.839606
0 0.212495 0.459763 0.0438134 0.228576 0.827162
0 0.762459 0.436322 0.0481573 0.219635 0.772912
0 0.49387 0.42467 0.0313049 0.177734 0.70252
0 0.0207088 0.4478 0.0413521 0.208325 0.660668
0 0.0572759 0.464827 0.0282112 0.168146 0.647276
0 0.57642 0.436166 0.030101 0.186746 0.621349
0 0.809288 0.425239 0.0504393 0.253983 0.58174
26 0.155021 0.524218 0.024692 0.102895 0.543615
0 0.311724 0.405722 0.0251058 0.120717 0.505138
0 0.853034 0.374467 0.0325079 0.119135 0.491311
26 0.3754 0.470923 0.0424653 0.121524 0.399028
0 0.798414 0.428796 0.052878 0.245608 0.381259
0 0.789305 0.432295 0.0348614 0.227646 0.371866
26 0.375414 0.496845 0.0411613 0.0667804 0.366364
0 0.327633 0.376804 0.0139097 0.0621295 0.337983
26 0.567695 0.445833 0.013476 0.0376158 0.303884
26 0.804701 0.40526 0.0248812 0.0934499 0.303386
0 0.336533 0.448726 0.0353412 0.129711 0.296829
