0 0.130204 0.544849 0.0727623 0.364665 0.880458
0 0.94337 0.613715 0.112507 0.753574 0.878958
0 0.874644 0.64957 0.0949589 0.655592 0.845119
0 0.467342 0.525527 0.0773794 0.355071 0.844791
0 0.398608 0.526724 0.076596 0.358218 0.821176
0 0.210811 0.460758 0.045854 0.228243 0.816294
0 0.761792 0.435816 0.0458311 0.219893 0.75893
0 0.576349 0.437099 0.0315793 0.188516 0.69622
0 0.0205091 0.445551 0.0401019 0.209921 0.690704
0 0.0566331 0.464654 0.0286506 0.168812 0.684095
26 0.375888 0.468185 0.0401602 0.120053 0.641956
0 0.806817 0.42647 0.053223 0.254845 0.564745
26 0.153988 0.524 0.0252429 0.107033 0.549987
0 0.493835 0.421539 0.0305192 0.169679 0.509334
0 0.311661 0.40632 0.024097 0.119963 0.432047
0 0.852965 0.383402 0.0377625 0.138454 0.415412
0 0.337445 0.448949 0.0360305 0.130398 0.365783
26 0.153718 0.499584 0.0254713 0.155255 0.357454
0 0.784756 0.43317 0.0389393 0.227987 0.312173
26 0.565274 0.446216 0.0125586 0.0343782 0.250194
