0 0.948066 0.613793 0.103204 0.753781 0.885193
0 0.129556 0.54456 0.0725256 0.364934 0.874682
0 0.879337 0.651379 0.0968195 0.661284 0.848469
0 0.47367 0.525472 0.0666154 0.355191 0.836666
0 0.400806 0.52805 0.0745368 0.360168 0.824818
0 0.209838 0.460681 0.046211 0.225115 0.795462
0 0.0564071 0.465962 0.0292439 0.16569 0.686306
0 0.0206919 0.446112 0.0411701 0.210287 0.682516
0 0.758106 0.433426 0.0395206 0.211559 0.678217
0 0.577752 0.434594 0.0248455 0.187193 0.67122
26 0.377056 0.471092 0.0402153 0.114275 0.646478
0 0.80156 0.428382 0.0608072 0.25321 0.596192
26 0.153748 0.52197 0.0255634 0.113888 0.53645
0 0.783601 0.431776 0.0403801 0.22942 0.403298
0 0.311981 0.406974 0.0251147 0.122733 0.391319
0 0.854612 0.409334 0.0406574 0.191441 0.367495
0 0.338086 0.449081 0.0366579 0.131428 0.33581
26 0.563762 0.442009 0.0142906 0.039127 0.315576
0 0.492827 0.386034 0.0285475 0.101647 0.257564
