0 0.951822 0.612855 0.0956484 0.757757 0.886374
0 0.128818 0.543645 0.0716841 0.358346 0.867796
0 0.475944 0.524661 0.0682413 0.356458 0.851041
0 0.888577 0.653587 0.102182 0.662865 0.850748
0 0.399859 0.530045 0.0759034 0.363142 0.838422
0 0.207873 0.461323 0.0462811 0.225618 0.8217
0 0.0201817 0.445991 0.0403635 0.211052 0.769979
26 0.378788 0.469894 0.0421967 0.119715 0.76602
0 0.0558272 0.464308 0.0297313 0.167545 0.709549
0 0.756663 0.433653 0.037311 0.210964 0.683227
0 0.575271 0.434213 0.0269275 0.187416 0.668929
26 0.152978 0.527528 0.0251633 0.102027 0.568819
0 0.794761 0.429363 0.067416 0.243401 0.532133
0 0.784096 0.431286 0.0521385 0.231265 0.516007
26 0.152832 0.504727 0.0247259 0.146378 0.444297
0 0.80509 0.429792 0.0502836 0.248504 0.43011
0 0.312937 0.40606 0.0266312 0.12389 0.41245
26 0.560666 0.439475 0.014098 0.0396497 0.40668
26 0.560662 0.432515 0.0149994 0.0558896 0.401205
0 0.492846 0.378725 0.0255288 0.0876982 0.399815
0 0.854895 0.418558 0.0413956 0.204287 0.362696
0 0.337618 0.4495 0.0366309 0.131564 0.305626
26 0.854755 0.395756 0.034318 0.0658865 0.295144
