0 0.958088 0.61107 0.0830038 0.762017 0.882239
0 0.477087 0.52371 0.0690706 0.358625 0.865052
0 0.127978 0.545145 0.0715 0.358491 0.854231
0 0.399243 0.530497 0.0752405 0.364296 0.829379
0 0.895335 0.656828 0.108016 0.670311 0.823269
0 0.206679 0.463246 0.0452349 0.227402 0.81746
0 0.0205765 0.445737 0.0408859 0.210948 0.775164
0 0.0547989 0.464407 0.029423 0.166402 0.70433
26 0.379209 0.470666 0.0418359 0.120861 0.685821
0 0.573363 0.436534 0.0309954 0.188971 0.673647
0 0.756345 0.432435 0.0377314 0.214181 0.62792
26 0.152325 0.526553 0.0252981 0.101747 0.600641
0 0.793337 0.430079 0.0708514 0.24173 0.576381
0 0.85788 0.437976 0.0484753 0.229238 0.513255
26 0.152215 0.501437 0.0249227 0.150371 0.471217
0 0.780422 0.431106 0.0502159 0.230353 0.469072
26 0.560519 0.427463 0.0159691 0.0674795 0.453602
26 0.560189 0.438322 0.0142498 0.0451486 0.446881
0 0.313493 0.406979 0.0267679 0.123454 0.442363
0 0.807642 0.431156 0.0441521 0.247519 0.395729
0 0.492836 0.378786 0.0254725 0.0846066 0.341549
0 0.33703 0.449191 0.0352871 0.130241 0.316935
