0 0.965774 0.609179 0.0676933 0.763813 0.887303
0 0.478328 0.523883 0.0688717 0.36036 0.872352
0 0.899492 0.654507 0.111403 0.668349 0.845802
0 0.127136 0.545032 0.0707575 0.359444 0.84177
0 0.39856 0.531931 0.0779357 0.362724 0.829063
0 0.206099 0.461981 0.0452937 0.225443 0.816348
0 0.0206526 0.445733 0.0413052 0.20964 0.788398
0 0.0544708 0.464206 0.0284651 0.167137 0.663167
0 0.857676 0.444603 0.0512117 0.245277 0.660809
0 0.57202 0.438028 0.0331453 0.190404 0.625099
26 0.151853 0.525994 0.0260999 0.101222 0.619478
0 0.796705 0.430512 0.0616617 0.248392 0.594662
0 0.758893 0.432861 0.0442436 0.215546 0.551106
26 0.559756 0.426548 0.0186176 0.0720671 0.541012
0 0.777561 0.431701 0.0467059 0.228648 0.438252
0 0.313702 0.405492 0.026475 0.122931 0.426121
0 0.336826 0.449059 0.0356174 0.130361 0.273793
0 0.492552 0.377517 0.0255713 0.0800286 0.271669
