0 0.479803 0.52451 0.0699547 0.361089 0.876262
0 0.913975 0.657541 0.130851 0.670424 0.874848
0 0.126409 0.544914 0.0714425 0.362942 0.85961
0 0.399434 0.534408 0.0772944 0.361587 0.849994
0 0.970543 0.608145 0.0583172 0.752735 0.83705
0 0.205324 0.462719 0.0440627 0.225809 0.822188
0 0.0201806 0.445648 0.0403613 0.210498 0.819157
0 0.844293 0.44073 0.0426437 0.247561 0.712994
0 0.572301 0.438121 0.0304893 0.186042 0.679731
0 0.0541743 0.464248 0.0279522 0.166872 0.624073
26 0.151041 0.521334 0.0264865 0.0924622 0.592155
0 0.75555 0.433132 0.0361841 0.218826 0.58875
0 0.784958 0.428559 0.0637601 0.237042 0.55403
0 0.874342 0.395267 0.0336475 0.145064 0.541547
0 0.314113 0.406266 0.0268829 0.125061 0.478701
0 0.775537 0.432654 0.0492991 0.222343 0.37073
26 0.556674 0.434464 0.0165661 0.0603351 0.323031
26 0.558378 0.428202 0.0192172 0.0722042 0.306693
0 0.797054 0.428317 0.038508 0.23772 0.285225
26 0.381776 0.513657 0.0377403 0.0567175 0.272554
26 0.38021 0.470883 0.0421709 0.143879 0.270016
0 0.431714 0.377733 0.0304783 0.072276 0.265882
0 0.821662 0.435146 0.0298786 0.235433 0.259615
