0 0.917803 0.661094 0.132869 0.665599 0.87573
0 0.479695 0.525759 0.0708244 0.361206 0.860096
0 0.203917 0.463484 0.0433583 0.226503 0.849822
0 0.400476 0.534212 0.076257 0.362563 0.84966
0 0.125688 0.54082 0.0710131 0.357526 0.84859
0 0.972112 0.664834 0.0544973 0.648381 0.837993
0 0.020563 0.4459 0.0411261 0.210265 0.792919
0 0.572024 0.439354 0.0311232 0.184276 0.696249
0 0.843571 0.441084 0.0457193 0.250247 0.6726
26 0.150059 0.518292 0.027198 0.094812 0.559485
0 0.754729 0.432536 0.0364838 0.219119 0.554453
0 0.794957 0.42781 0.043023 0.24269 0.52924
0 0.0505867 0.464565 0.0313141 0.167717 0.520298
0 0.873422 0.428785 0.0403366 0.212819 0.513809
0 0.314362 0.406188 0.0269492 0.1253 0.463386
0 0.778284 0.430858 0.0457525 0.228752 0.456555
26 0.557521 0.429848 0.0191263 0.0713316 0.412634
26 0.554818 0.432788 0.0148672 0.0645176 0.397455
0 0.82116 0.432627 0.0293385 0.236087 0.290137
26 0.381798 0.514412 0.0368013 0.0559318 0.282163
26 0.149077 0.493151 0.0272013 0.145425 0.275415
0 0.803719 0.430834 0.0342932 0.243502 0.257879
0 0.43257 0.37628 0.0277824 0.0662888 0.255346
0 0.144522 0.368102 0.02013 0.0572864 0.254663
0 0.0923884 0.392533 0.029425 0.0995889 0.253648
