0 0.481604 0.526638 0.0715586 0.363093 0.875278
0 0.925383 0.666421 0.132499 0.65475 0.866059
0 0.125465 0.540015 0.0724712 0.358769 0.86489
0 0.40177 0.535435 0.0767351 0.362846 0.842946
0 0.203063 0.462327 0.0451114 0.229662 0.841755
0 0.976292 0.67552 0.0463974 0.630907 0.810936
0 0.020025 0.445404 0.0400441 0.21135 0.80433
0 0.570831 0.441375 0.0333445 0.184741 0.726432
0 0.840427 0.444566 0.0466566 0.245441 0.688691
0 0.756201 0.433179 0.041046 0.218643 0.665701
0 0.874453 0.42248 0.0433714 0.207884 0.655128
0 0.792256 0.42852 0.047599 0.242684 0.646509
0 0.047229 0.463877 0.0352436 0.169525 0.520864
26 0.149233 0.498469 0.0275971 0.139012 0.510723
0 0.314907 0.407691 0.0257778 0.12548 0.473808
0 0.820269 0.440038 0.0264305 0.231967 0.423735
0 0.0917705 0.393283 0.0288636 0.0994218 0.32518
26 0.14932 0.521282 0.0277191 0.0912459 0.31862
0 0.145308 0.368333 0.0198864 0.0565787 0.27661
26 0.383337 0.511784 0.0379552 0.0602836 0.257078
