0 0.451474 0.62085 0.163248 0.747586 0.928103
0 0.824346 0.65668 0.179415 0.676134 0.924548
0 0.065489 0.614422 0.130252 0.740908 0.909494
0 0.3537 0.504142 0.0736024 0.389612 0.89043
26 0.516032 0.855442 0.0601949 0.234778 0.821894
0 0.226311 0.465433 0.0481977 0.222824 0.820212
0 0.904598 0.437874 0.0520786 0.255527 0.795084
26 0.372803 0.839289 0.0636825 0.207612 0.77802
0 0.17819 0.469676 0.0435875 0.219744 0.77728
0 0.526579 0.421871 0.0281844 0.181829 0.736602
0 0.983148 0.441784 0.0326681 0.241561 0.710579
0 0.591459 0.425161 0.0429987 0.216905 0.709276
26 0.119445 0.684556 0.131159 0.545328 0.694618
0 0.87018 0.407654 0.0456409 0.163351 0.663139
0 0.564337 0.422457 0.0242933 0.162871 0.609842
26 0.132463 0.803461 0.10448 0.303027 0.585229
0 0.410574 0.377163 0.0406058 0.109844 0.488724
0 0.957707 0.428752 0.0332396 0.181126 0.457013
24 0.452387 0.452181 0.0965788 0.152461 0.45251
0 0.699301 0.41807 0.0353118 0.22608 0.445419
26 0.878027 0.730871 0.0406391 0.237474 0.43052
0 0.0650634 0.385565 0.0603797 0.0764894 0.400698
24 0.45424 0.48112 0.101646 0.209533 0.39051
26 0.91589 0.418497 0.0274334 0.0947157 0.363996
0 0.645635 0.350293 0.0297972 0.0806819 0.306475
