0 0.482678 0.52704 0.0712381 0.361433 0.858352
0 0.930839 0.667732 0.127266 0.651268 0.857177
0 0.125045 0.540097 0.0722697 0.357999 0.854295
0 0.201287 0.461191 0.043568 0.230935 0.844737
0 0.401677 0.535492 0.0775997 0.362732 0.831551
0 0.020402 0.446965 0.0406087 0.209802 0.802931
0 0.570132 0.4422 0.034224 0.184179 0.74259
0 0.837355 0.443876 0.0466484 0.246601 0.701504
0 0.789515 0.427735 0.0482719 0.245856 0.680053
0 0.978353 0.677504 0.0423077 0.611068 0.671012
0 0.875924 0.428056 0.0435169 0.221299 0.639629
0 0.754874 0.433416 0.0393669 0.218134 0.56422
0 0.047343 0.463259 0.0323698 0.168616 0.495592
26 0.148763 0.500342 0.0282231 0.126295 0.465002
0 0.314855 0.407973 0.0258183 0.125201 0.414556
0 0.818806 0.444496 0.0241817 0.220171 0.342684
0 0.765176 0.433715 0.0427229 0.220937 0.334229
26 0.148661 0.52023 0.0279166 0.0866652 0.299087
0 0.0914378 0.395502 0.0278171 0.0961216 0.293682
0 0.145528 0.368472 0.019853 0.0562963 0.283388
0 0.336423 0.449378 0.0354374 0.129904 0.270735
0 0.435958 0.376573 0.0274076 0.0693933 0.253039
