0 0.484398 0.528627 0.0710957 0.360992 0.874947
0 0.934864 0.667353 0.124278 0.649768 0.865324
0 0.124871 0.539724 0.0729403 0.355196 0.850806
0 0.200337 0.46143 0.0447331 0.228503 0.84821
0 0.40134 0.535027 0.0786039 0.363931 0.837446
0 0.0200802 0.446628 0.0400991 0.208892 0.789861
0 0.876321 0.433326 0.0448994 0.235233 0.753106
0 0.570154 0.441211 0.0331781 0.184643 0.745043
0 0.83603 0.442491 0.0452995 0.24674 0.687331
0 0.790432 0.428654 0.0468491 0.243955 0.66733
0 0.980036 0.600913 0.0390137 0.437854 0.613039
0 0.045292 0.463076 0.0348109 0.170492 0.489143
0 0.315053 0.406746 0.0262197 0.124767 0.471843
0 0.964422 0.668839 0.0704844 0.64457 0.467577
0 0.754543 0.433319 0.0387222 0.219481 0.464664
26 0.1485 0.506896 0.029401 0.105442 0.417456
0 0.145789 0.368324 0.0201408 0.0555344 0.314974
26 0.784127 0.404355 0.027309 0.100073 0.292745
0 0.771054 0.432256 0.0426855 0.224271 0.289655
0 0.336228 0.449197 0.0354026 0.130248 0.257226
