0 0.939569 0.663052 0.117804 0.654836 0.880415
0 0.487918 0.531817 0.0686285 0.360727 0.872323
0 0.12462 0.537881 0.0742778 0.360776 0.856824
0 0.199058 0.461525 0.0460759 0.22767 0.834178
0 0.0205508 0.44653 0.0408815 0.207729 0.813252
0 0.402612 0.534329 0.080283 0.364691 0.797291
0 0.569411 0.440427 0.0337334 0.186556 0.753307
0 0.878366 0.433696 0.0417988 0.235321 0.747753
0 0.834932 0.442838 0.0435261 0.248378 0.739369
0 0.78934 0.42567 0.0470608 0.240198 0.66098
0 0.981106 0.673335 0.0368158 0.53271 0.611202
0 0.755915 0.432797 0.0435949 0.224325 0.540141
0 0.316223 0.406336 0.0267662 0.124553 0.48994
26 0.147512 0.484879 0.030789 0.148476 0.459792
0 0.0484825 0.462224 0.0276874 0.168012 0.457427
26 0.147953 0.508798 0.0302254 0.0998072 0.45158
26 0.385055 0.484312 0.0436132 0.113348 0.390151
26 0.385402 0.499827 0.0416214 0.0824781 0.34132
0 0.747097 0.431838 0.0284307 0.212958 0.323598
0 0.814554 0.455515 0.0230682 0.185323 0.318365
0 0.769371 0.431188 0.0463226 0.226024 0.295268
0 0.146198 0.368408 0.0203227 0.0556037 0.276055
0 0.336171 0.449048 0.0360957 0.131061 0.250851
