0 0.939294 0.664726 0.107961 0.660378 0.862019
0 0.489311 0.530151 0.0692554 0.367069 0.856952
0 0.12454 0.537105 0.0739466 0.361889 0.845169
0 0.197382 0.461415 0.0468848 0.230476 0.842778
0 0.0204201 0.446528 0.040554 0.20841 0.814886
0 0.405199 0.533335 0.0797768 0.367032 0.775458
0 0.834636 0.440463 0.0469906 0.252004 0.769508
0 0.56739 0.439856 0.0374173 0.186657 0.753373
0 0.879637 0.433974 0.0408043 0.235967 0.73851
0 0.789134 0.42532 0.0458049 0.237748 0.687287
0 0.754856 0.431648 0.0426495 0.224629 0.592897
0 0.98285 0.699098 0.0332897 0.578934 0.590107
0 0.0495636 0.46381 0.0255716 0.166483 0.540842
0 0.316149 0.405724 0.0266346 0.122078 0.489818
26 0.148449 0.509622 0.0292473 0.103411 0.446521
26 0.147955 0.487598 0.029997 0.149237 0.410164
0 0.747199 0.431685 0.0293636 0.216004 0.345788
26 0.385303 0.471768 0.0451955 0.135933 0.320287
0 0.146662 0.368297 0.0202249 0.0553779 0.272209
26 0.385628 0.494955 0.0427811 0.0893294 0.269918
