0 0.490608 0.530857 0.0707869 0.366767 0.865349
0 0.946634 0.660796 0.105241 0.66999 0.86403
0 0.124558 0.539284 0.0722456 0.355519 0.843716
0 0.195991 0.461225 0.0451731 0.229686 0.821753
0 0.0205494 0.44593 0.0406515 0.207358 0.808009
0 0.88255 0.436235 0.0412018 0.235809 0.792349
0 0.404684 0.532459 0.0847634 0.369551 0.757645
0 0.5669 0.438475 0.0349834 0.186389 0.754658
0 0.834401 0.43826 0.0470469 0.250726 0.735773
0 0.788121 0.422048 0.0461484 0.238279 0.68242
0 0.755131 0.432591 0.0446201 0.225658 0.647525
0 0.0493132 0.46304 0.0240364 0.169705 0.608341
26 0.385761 0.471542 0.0476607 0.135257 0.558541
26 0.148406 0.51118 0.0274114 0.108778 0.507532
0 0.984674 0.716482 0.0297697 0.544948 0.48978
0 0.316879 0.405401 0.0268842 0.122966 0.485311
26 0.14784 0.490263 0.0279876 0.151378 0.35542
0 0.147662 0.368428 0.0207716 0.0553145 0.282847
26 0.83269 0.391031 0.0345348 0.0749083 0.253666
