0 0.493383 0.531525 0.068128 0.366031 0.883003
0 0.949401 0.660429 0.101199 0.67223 0.876671
0 0.124888 0.53968 0.0722347 0.353742 0.841867
0 0.193667 0.460872 0.0419256 0.23479 0.803898
0 0.884379 0.437027 0.0429174 0.234483 0.80155
0 0.0208185 0.445308 0.0411644 0.209 0.789181
0 0.406198 0.531871 0.0885277 0.370738 0.764549
0 0.566009 0.439199 0.0369289 0.187784 0.763379
0 0.786267 0.422645 0.0477312 0.242941 0.720884
0 0.836056 0.438318 0.0509983 0.249558 0.685076
0 0.0482337 0.459715 0.0261656 0.17521 0.657976
0 0.752596 0.43057 0.0397448 0.221343 0.650443
0 0.827144 0.437094 0.0404289 0.254113 0.514596
26 0.147866 0.516307 0.028505 0.108881 0.50482
0 0.3178 0.403813 0.0271261 0.11978 0.476532
26 0.385297 0.47098 0.0501301 0.131033 0.394199
0 0.985705 0.742659 0.0277473 0.49347 0.315519
26 0.147152 0.49272 0.0285136 0.154375 0.291016
