0 0.951881 0.653819 0.0957485 0.662733 0.890943
0 0.493944 0.531985 0.0689827 0.366236 0.864131
0 0.124725 0.539189 0.0719147 0.353404 0.84852
0 0.885409 0.437074 0.0445583 0.2352 0.824066
0 0.193153 0.460463 0.0406598 0.230437 0.788951
0 0.0206405 0.444324 0.0409954 0.208201 0.773006
0 0.566131 0.438971 0.0361528 0.188129 0.734041
0 0.783401 0.422842 0.0484356 0.244366 0.731128
0 0.408923 0.531382 0.0831504 0.370927 0.712835
0 0.750509 0.430009 0.0393299 0.221871 0.689259
0 0.826456 0.441917 0.0402584 0.248212 0.673171
0 0.0477555 0.458873 0.0284023 0.176519 0.656856
26 0.386763 0.475468 0.0527328 0.126699 0.557172
26 0.147839 0.517858 0.0271744 0.104848 0.52376
0 0.847071 0.434027 0.0367207 0.238412 0.469307
0 0.317838 0.402365 0.0273409 0.114351 0.436005
0 0.334883 0.448497 0.0368556 0.132271 0.281217
0 0.14819 0.368871 0.0205115 0.0546071 0.264938
