0 0.954884 0.652195 0.0893211 0.6685 0.905258
0 0.496013 0.530593 0.0701088 0.368461 0.886828
0 0.124718 0.539387 0.071777 0.353972 0.845054
0 0.887776 0.437262 0.0428833 0.234115 0.835707
0 0.190183 0.461225 0.038905 0.229697 0.808288
0 0.0203545 0.444503 0.0405071 0.207218 0.768435
0 0.408457 0.532443 0.0820375 0.37256 0.757864
0 0.564953 0.438524 0.0350516 0.187232 0.75349
0 0.781957 0.423212 0.0459593 0.24784 0.737691
0 0.749976 0.431926 0.0404585 0.22174 0.718536
0 0.0476334 0.459847 0.0301562 0.175314 0.65078
0 0.848862 0.43354 0.0337635 0.239171 0.628052
0 0.823667 0.439607 0.0437943 0.250124 0.624916
26 0.147766 0.503681 0.0263699 0.13481 0.512962
0 0.318964 0.401334 0.0275559 0.115416 0.447055
26 0.147448 0.522682 0.0254915 0.0944043 0.355276
0 0.100243 0.388695 0.0254481 0.104582 0.319653
0 0.148501 0.369176 0.0201579 0.0541056 0.294213
0 0.370154 0.474623 0.0531779 0.155941 0.286501
0 0.0826932 0.396102 0.0225425 0.098092 0.280493
0 0.333106 0.448276 0.040346 0.131695 0.267143
