0 0.956627 0.649957 0.0857842 0.666709 0.898874
0 0.497554 0.529797 0.070834 0.369756 0.87979
0 0.123332 0.539736 0.0744343 0.352824 0.837163
0 0.889574 0.44009 0.0438782 0.233643 0.830963
0 0.189312 0.462584 0.038904 0.229751 0.812034
0 0.412054 0.533266 0.0781809 0.373644 0.774917
0 0.0199187 0.444016 0.0397192 0.207747 0.772679
0 0.564687 0.438815 0.0347155 0.186755 0.753507
0 0.749985 0.431346 0.0416431 0.223669 0.737093
0 0.781896 0.424252 0.0452808 0.249777 0.734268
0 0.848947 0.432704 0.0369385 0.23874 0.719511
0 0.046794 0.459103 0.0302397 0.174965 0.666228
0 0.820027 0.441012 0.0427618 0.247298 0.661301
26 0.147867 0.49946 0.0258295 0.142668 0.518765
0 0.319795 0.399687 0.027025 0.112857 0.399897
0 0.0983358 0.393999 0.0265375 0.107755 0.305845
0 0.0812744 0.395715 0.0240952 0.100476 0.291467
26 0.147597 0.524771 0.0248976 0.0908526 0.289468
0 0.373491 0.473548 0.0595626 0.158093 0.277598
0 0.149097 0.368911 0.0208536 0.0547762 0.252065
0 0.331305 0.448569 0.0425403 0.131454 0.251883
