0 0.49906 0.529264 0.0715358 0.369474 0.882048
0 0.960313 0.652627 0.0784391 0.667462 0.878346
0 0.8911 0.441697 0.0441286 0.231608 0.82962
0 0.124068 0.540266 0.0714811 0.349831 0.819547
0 0.415081 0.535077 0.0773752 0.372963 0.789185
0 0.187376 0.461834 0.038756 0.231962 0.78773
0 0.564641 0.440287 0.0317326 0.183939 0.757563
0 0.847473 0.433048 0.0410883 0.23621 0.756989
0 0.0194993 0.441458 0.038685 0.211929 0.745144
0 0.780762 0.423439 0.0436736 0.247331 0.727467
0 0.748836 0.432468 0.0429436 0.218937 0.710306
0 0.818156 0.44039 0.0433438 0.242724 0.639101
26 0.147667 0.500343 0.0252555 0.137759 0.584809
0 0.0468199 0.458357 0.0320946 0.176999 0.583302
0 0.0963391 0.398037 0.0261857 0.115786 0.367832
26 0.147587 0.523082 0.0245305 0.0898714 0.34431
0 0.320043 0.39819 0.0249202 0.109863 0.320984
0 0.079694 0.395806 0.0243144 0.102796 0.28277
26 0.393198 0.473618 0.042168 0.13091 0.257804
0 0.371048 0.476137 0.055033 0.15305 0.25351
