0 0.819921 0.656621 0.178012 0.674581 0.926765
0 0.456539 0.618372 0.161073 0.749807 0.923634
0 0.0641226 0.614295 0.127362 0.744995 0.90971
0 0.354336 0.505404 0.0742508 0.391022 0.893181
26 0.519844 0.85514 0.0594641 0.24108 0.833346
0 0.226919 0.464952 0.0461792 0.224001 0.820593
0 0.905746 0.437535 0.051038 0.254857 0.789388
26 0.379264 0.840559 0.0715472 0.20878 0.76952
0 0.178302 0.470828 0.0434967 0.217978 0.769336
0 0.527029 0.421938 0.0290147 0.18218 0.721887
0 0.983272 0.441704 0.0324175 0.242478 0.717285
0 0.593051 0.424086 0.0431608 0.216913 0.694244
26 0.128671 0.808702 0.106258 0.300923 0.688965
0 0.87157 0.410579 0.051441 0.173808 0.6792
0 0.700869 0.422928 0.0367861 0.233858 0.632148
0 0.565889 0.423431 0.0250957 0.1629 0.582873
26 0.113127 0.688029 0.136757 0.545027 0.535671
24 0.461053 0.428074 0.087916 0.12645 0.489266
0 0.956258 0.440721 0.032276 0.159141 0.477347
0 0.411467 0.381593 0.0430521 0.126556 0.448953
26 0.877225 0.660922 0.0490238 0.378616 0.417582
0 0.0648111 0.391773 0.0610128 0.0893862 0.391752
24 0.459479 0.44843 0.0942023 0.145648 0.358822
0 0.645369 0.350562 0.0306058 0.0811903 0.332149
26 0.873578 0.731587 0.0404486 0.235173 0.327369
24 0.458556 0.479881 0.106391 0.210865 0.282336
26 0.916769 0.422888 0.0268059 0.0906916 0.281536
