0 0.500331 0.529858 0.070837 0.370903 0.882231
0 0.962443 0.656898 0.0741526 0.665868 0.868595
0 0.124047 0.539751 0.0719811 0.350874 0.838828
0 0.891752 0.441081 0.0444088 0.23156 0.828628
0 0.186755 0.462219 0.0390555 0.232388 0.793652
0 0.415616 0.536373 0.0802679 0.37209 0.779043
0 0.564283 0.440147 0.0311127 0.183432 0.766257
0 0.848975 0.434117 0.042271 0.236015 0.738797
0 0.779962 0.422863 0.0436392 0.247621 0.738563
0 0.0190235 0.441029 0.0377569 0.211303 0.691991
0 0.749582 0.432584 0.0437038 0.220239 0.675279
0 0.0469005 0.460541 0.0318108 0.172398 0.558016
0 0.815757 0.440225 0.0438901 0.241361 0.550946
26 0.148124 0.498886 0.0252936 0.13206 0.486362
26 0.148017 0.521125 0.024109 0.0878346 0.403826
0 0.371087 0.473681 0.053961 0.157943 0.385271
0 0.0954039 0.397351 0.0254398 0.114679 0.362838
26 0.819398 0.39712 0.0331654 0.0608684 0.349144
0 0.320452 0.400039 0.0264628 0.117573 0.310962
0 0.468996 0.436548 0.0343151 0.208884 0.273904
26 0.39437 0.479835 0.0535814 0.13472 0.267751
