0 0.500402 0.530341 0.0734064 0.372435 0.876269
0 0.965118 0.658384 0.0689327 0.650946 0.87234
0 0.185009 0.463299 0.0403094 0.23147 0.8329
0 0.893162 0.4408 0.0442081 0.230195 0.818123
0 0.124468 0.538073 0.0722796 0.353011 0.8169
0 0.84904 0.433917 0.0436646 0.235904 0.795668
0 0.415895 0.537741 0.081068 0.371793 0.792814
0 0.563261 0.440075 0.0314078 0.182297 0.741456
0 0.779819 0.422765 0.0418132 0.244266 0.721429
0 0.81172 0.440177 0.0477766 0.24785 0.689913
0 0.0189677 0.441853 0.0377202 0.209926 0.684178
0 0.750958 0.432375 0.0457621 0.21859 0.655344
0 0.0459575 0.458938 0.0300222 0.175781 0.508155
0 0.373875 0.472546 0.0592479 0.160037 0.502893
26 0.148288 0.509637 0.025173 0.109988 0.442059
26 0.397094 0.484477 0.0525881 0.131786 0.44106
0 0.320232 0.400195 0.0260706 0.117453 0.278891
26 0.396629 0.507195 0.0500664 0.0864881 0.277629
