0 0.502984 0.531954 0.0741071 0.375124 0.888824
0 0.968398 0.673606 0.0622591 0.632076 0.84872
0 0.182412 0.463482 0.0442449 0.231159 0.837184
0 0.85084 0.433639 0.0447807 0.237986 0.826321
0 0.125077 0.536487 0.0724161 0.345513 0.819749
0 0.417675 0.539846 0.0789595 0.370869 0.782547
0 0.895906 0.438647 0.0444893 0.233404 0.780168
0 0.561484 0.440261 0.0300413 0.182445 0.745561
0 0.809874 0.442168 0.0462639 0.238154 0.724867
0 0.777829 0.422492 0.0416983 0.241224 0.70215
0 0.0187413 0.442518 0.0372486 0.207939 0.689536
0 0.0446793 0.458561 0.0280717 0.176722 0.622625
0 0.376844 0.472786 0.0629671 0.158984 0.601837
0 0.749927 0.432468 0.0420678 0.219722 0.598952
26 0.399863 0.485108 0.0490814 0.133457 0.507704
26 0.149366 0.518333 0.0244091 0.0922429 0.424285
0 0.0928764 0.430288 0.0263965 0.190335 0.373595
0 0.0933036 0.402889 0.0255017 0.134628 0.268544
26 0.399519 0.514579 0.0456393 0.0736674 0.252326
