0 0.503637 0.533668 0.0741993 0.377023 0.881783
0 0.851187 0.435879 0.0454918 0.236012 0.83854
0 0.971171 0.678838 0.0567171 0.622547 0.827826
0 0.181481 0.463714 0.04567 0.232172 0.82514
0 0.126084 0.534688 0.0712902 0.345571 0.80856
0 0.897165 0.438513 0.0443184 0.234503 0.781449
0 0.418934 0.5409 0.0781061 0.371275 0.769121
0 0.560155 0.439199 0.0292154 0.182636 0.743106
0 0.777387 0.423352 0.0420588 0.241288 0.695261
0 0.809979 0.441761 0.044401 0.239736 0.676797
0 0.37582 0.472933 0.0610786 0.159272 0.623262
0 0.0184705 0.443383 0.0367614 0.205131 0.596973
0 0.750584 0.431773 0.0454933 0.221437 0.587538
0 0.0426317 0.460255 0.0297059 0.173097 0.582565
26 0.400905 0.484212 0.0530062 0.136016 0.528937
26 0.149622 0.519162 0.0222931 0.0933241 0.397778
26 0.812333 0.399629 0.0339106 0.0665066 0.333868
0 0.0903494 0.429761 0.0267395 0.187537 0.333145
0 0.319773 0.397743 0.0269009 0.113131 0.285336
