0 0.50536 0.534851 0.0733303 0.376481 0.887171
0 0.851841 0.433816 0.0486393 0.2411 0.824567
0 0.129827 0.533128 0.0691022 0.34802 0.809591
0 0.179892 0.464925 0.0472166 0.230224 0.807204
0 0.974833 0.698668 0.0493742 0.581108 0.800448
0 0.900352 0.437772 0.0444571 0.235569 0.79247
0 0.428684 0.540546 0.0890227 0.373539 0.790606
0 0.807301 0.444212 0.0458763 0.238881 0.748439
0 0.558608 0.438198 0.0316413 0.182539 0.733721
0 0.375078 0.472707 0.0602614 0.159765 0.705955
0 0.0184604 0.444284 0.0367319 0.206164 0.686665
0 0.777832 0.423347 0.0456866 0.240349 0.655208
0 0.746413 0.430977 0.0420568 0.224223 0.644857
26 0.405082 0.484534 0.0460467 0.132551 0.555495
0 0.0423182 0.46103 0.0276483 0.170147 0.52843
0 0.0889582 0.430166 0.0271578 0.189957 0.512628
0 0.472083 0.390034 0.0357979 0.111964 0.314738
26 0.151079 0.512454 0.0227742 0.0920022 0.302276
