0 0.506396 0.536552 0.073683 0.37495 0.876755
0 0.13055 0.532135 0.0682425 0.349553 0.822433
0 0.42718 0.539731 0.0804077 0.3751 0.821228
0 0.179113 0.4655 0.0477427 0.229942 0.819211
0 0.853381 0.433713 0.049263 0.242557 0.815507
0 0.902756 0.437093 0.0446379 0.237004 0.794241
0 0.977274 0.70473 0.0444881 0.565912 0.770966
0 0.55856 0.437272 0.0312317 0.184983 0.742129
0 0.805086 0.442906 0.0439283 0.238078 0.70604
0 0.374419 0.47301 0.0596776 0.15932 0.688742
0 0.745301 0.430514 0.0417408 0.220989 0.601325
0 0.771593 0.423782 0.0430728 0.239384 0.555119
0 0.0412999 0.463061 0.0264287 0.166298 0.531359
0 0.0878595 0.430715 0.0265517 0.190842 0.494454
0 0.0174267 0.445872 0.0348534 0.202742 0.484095
26 0.151953 0.511022 0.0235859 0.0902279 0.344122
0 0.472113 0.391207 0.0315797 0.112824 0.301257
26 0.50865 0.478014 0.0423013 0.0941926 0.291629
26 0.807462 0.399798 0.0331898 0.0592321 0.285762
26 0.151681 0.483793 0.0255033 0.151767 0.267478
