0 0.50705 0.537637 0.0737028 0.374056 0.878614
0 0.427781 0.53947 0.0784083 0.375322 0.842489
0 0.129733 0.531512 0.0679151 0.351644 0.837221
0 0.855004 0.434932 0.0496906 0.241664 0.822067
0 0.178273 0.465703 0.0466239 0.229528 0.817697
0 0.90446 0.436471 0.045516 0.237469 0.810514
0 0.802854 0.441536 0.0442553 0.241579 0.736766
0 0.558203 0.436923 0.0315373 0.185326 0.721645
0 0.373768 0.472595 0.0585801 0.160239 0.70856
0 0.980299 0.725696 0.0384563 0.53328 0.613144
0 0.74452 0.430168 0.0423466 0.219349 0.533249
0 0.767977 0.422867 0.0480816 0.24243 0.530852
0 0.087459 0.431277 0.0265258 0.191447 0.514408
0 0.0167996 0.445377 0.0335992 0.203969 0.461326
0 0.0396735 0.45956 0.0262945 0.17351 0.43951
26 0.15137 0.511355 0.0225845 0.0898658 0.416915
26 0.408334 0.481718 0.0417013 0.132824 0.395084
0 0.751432 0.427688 0.0577471 0.23017 0.370541
26 0.805973 0.400911 0.0320202 0.0584109 0.338082
0 0.617866 0.4237 0.0297718 0.173152 0.33448
0 0.471453 0.392125 0.0300283 0.112443 0.254127
