0 0.508706 0.538693 0.0735483 0.37667 0.869575
0 0.431078 0.539117 0.0756715 0.376269 0.85471
0 0.130623 0.531846 0.0668146 0.348956 0.835741
0 0.8567 0.435932 0.0505205 0.238584 0.825999
0 0.907126 0.436528 0.0458094 0.238593 0.811878
0 0.983781 0.660047 0.0316055 0.405618 0.792631
0 0.175805 0.467323 0.0434443 0.224247 0.758421
0 0.800704 0.440965 0.0411022 0.239132 0.7559
0 0.373412 0.472394 0.0579271 0.160913 0.751056
0 0.556783 0.435899 0.0305109 0.187365 0.715023
0 0.0900014 0.430819 0.0350533 0.194359 0.598167
0 0.0390959 0.455886 0.0268306 0.18047 0.531313
0 0.61734 0.42354 0.0295524 0.174792 0.527357
0 0.0158802 0.446486 0.0314955 0.202664 0.526586
0 0.758996 0.422107 0.0688355 0.242735 0.466437
26 0.1518 0.511976 0.022124 0.0894137 0.4127
0 0.7432 0.426059 0.0423578 0.215215 0.383308
26 0.409478 0.481275 0.0409098 0.13647 0.305152
0 0.471107 0.394855 0.0308313 0.11776 0.287101
