0 0.50952 0.53943 0.072331 0.374107 0.850506
0 0.431785 0.53812 0.0796273 0.380929 0.842419
0 0.131454 0.532015 0.0673945 0.348542 0.830959
0 0.857332 0.435924 0.0508915 0.240449 0.822262
0 0.908856 0.43651 0.0462931 0.23889 0.79981
0 0.172569 0.468346 0.0407129 0.22853 0.731339
0 0.373588 0.471889 0.0587506 0.160324 0.729809
0 0.555455 0.436632 0.0301031 0.183029 0.721018
0 0.798561 0.439877 0.0406731 0.241141 0.718235
0 0.984736 0.661151 0.0296532 0.400561 0.711125
0 0.767981 0.424641 0.0495111 0.246975 0.654433
0 0.0390167 0.460812 0.0272557 0.170819 0.578897
0 0.0158338 0.447282 0.0313975 0.203391 0.569208
0 0.739625 0.423427 0.0344406 0.210113 0.506628
0 0.616363 0.42336 0.0301151 0.175176 0.474228
26 0.152254 0.513665 0.0232378 0.0914707 0.419655
0 0.0903267 0.430329 0.0357458 0.18924 0.360144
0 0.472437 0.39762 0.0309532 0.123108 0.346288
26 0.799437 0.396806 0.0348509 0.0640645 0.316041
26 0.411255 0.478541 0.042523 0.136795 0.26992
