0 0.511468 0.538884 0.0745321 0.37755 0.855778
0 0.435475 0.536578 0.07974 0.381416 0.838133
0 0.131828 0.531723 0.0691414 0.34896 0.837778
0 0.85837 0.437108 0.050877 0.240362 0.806884
0 0.911444 0.437164 0.0513906 0.237278 0.801355
0 0.37404 0.47302 0.0594715 0.161081 0.753464
0 0.795776 0.438115 0.0376335 0.233808 0.751376
0 0.553935 0.436309 0.0296082 0.184247 0.736146
0 0.169336 0.466352 0.0342323 0.234117 0.68858
0 0.766576 0.424042 0.0476207 0.24724 0.640759
0 0.0155258 0.446636 0.0310516 0.202327 0.565834
0 0.0387026 0.458438 0.0274071 0.177534 0.552006
0 0.615834 0.42334 0.0304361 0.175523 0.533686
0 0.736693 0.425048 0.0371069 0.21344 0.524827
0 0.0891405 0.430751 0.0336672 0.191655 0.485527
0 0.986119 0.66627 0.0268469 0.37921 0.484078
0 0.990176 0.666151 0.01875 0.380036 0.442873
0 0.475037 0.377481 0.0285604 0.0817394 0.32902
26 0.413187 0.476622 0.0424324 0.135597 0.306155
26 0.152986 0.514551 0.0239466 0.0891422 0.266069
