0 0.918034 0.655011 0.163347 0.671049 0.932014
0 0.368712 0.629874 0.143406 0.728025 0.923497
0 0.154534 0.634626 0.195062 0.715631 0.921132
0 0.841766 0.448498 0.0493656 0.232515 0.84946
0 0.529014 0.440656 0.0656412 0.234206 0.831662
0 0.87393 0.42047 0.0401619 0.211182 0.786789
26 0.432578 0.779964 0.0522333 0.216837 0.778775
0 0.0409304 0.467939 0.0409187 0.244081 0.736289
0 0.472122 0.43095 0.0275595 0.181706 0.730795
0 0.0720901 0.46567 0.0529467 0.247055 0.701288
26 0.25518 0.81356 0.079717 0.134418 0.663506
0 0.0157372 0.418646 0.0260074 0.137609 0.64766
26 0.311238 0.771019 0.0399731 0.17255 0.620986
0 0.552031 0.426702 0.025857 0.174964 0.586799
0 0.418379 0.443329 0.0534408 0.231814 0.575139
0 0.504534 0.419271 0.0205076 0.160033 0.555435
0 0.702942 0.414783 0.0364272 0.215067 0.538926
0 0.334087 0.373152 0.0396068 0.111711 0.435056
0 0.210905 0.396034 0.0336781 0.0710817 0.368535
67 0.165431 0.554878 0.0219082 0.0335042 0.301295
0 0.00537555 0.447722 0.0107511 0.136832 0.297325
26 0.988091 0.73897 0.022831 0.413413 0.293966
26 0.22414 0.595331 0.140972 0.353725 0.269372
