0 0.813206 0.657511 0.176233 0.670293 0.931893
0 0.462276 0.617818 0.162843 0.75495 0.926331
0 0.0586401 0.612045 0.115968 0.747607 0.900438
0 0.357129 0.507884 0.0779061 0.393082 0.889918
0 0.226851 0.465963 0.0444994 0.223544 0.843401
0 0.906946 0.438277 0.0483891 0.256495 0.837193
26 0.524228 0.855375 0.0614409 0.24209 0.82862
26 0.382376 0.83509 0.0684078 0.210363 0.809278
0 0.178193 0.471381 0.0434161 0.216871 0.762644
0 0.983729 0.442574 0.0316944 0.24448 0.730943
0 0.874062 0.424106 0.0436728 0.200042 0.699555
0 0.701794 0.435008 0.036261 0.259984 0.691422
0 0.528994 0.420915 0.0308132 0.182693 0.669147
0 0.594854 0.425714 0.0434908 0.216936 0.649806
26 0.122237 0.814821 0.111468 0.304931 0.606605
26 0.106719 0.691253 0.142441 0.549842 0.604571
0 0.566702 0.423702 0.0253059 0.17038 0.574611
0 0.414225 0.380697 0.0461754 0.121774 0.572457
0 0.954949 0.443907 0.0305 0.152512 0.434019
0 0.072734 0.393751 0.0444846 0.0950604 0.432833
0 0.644983 0.351278 0.0359579 0.0842619 0.431257
24 0.469386 0.439212 0.099434 0.127648 0.409346
26 0.8667 0.666064 0.038253 0.36725 0.369434
24 0.168793 0.434707 0.0285621 0.0793288 0.309283
26 0.918842 0.425858 0.0273529 0.0884155 0.298779
0 0.047221 0.380174 0.0241686 0.0679917 0.271909
