0 0.51164 0.537823 0.0732818 0.379847 0.855345
0 0.437423 0.535324 0.0799619 0.381574 0.84586
0 0.131251 0.531736 0.0691553 0.347681 0.828475
0 0.916537 0.4368 0.0567333 0.235646 0.822696
0 0.859478 0.437513 0.0516544 0.240652 0.802592
0 0.553251 0.436255 0.0296935 0.182528 0.764821
0 0.373991 0.472943 0.0594927 0.161415 0.76225
0 0.7947 0.436044 0.0349541 0.229702 0.742508
0 0.168683 0.465258 0.0327605 0.236708 0.675187
0 0.0154244 0.445071 0.0307707 0.204573 0.658898
0 0.7675 0.423391 0.0484455 0.246673 0.627385
0 0.73531 0.423237 0.037631 0.209838 0.620677
0 0.614517 0.423745 0.0285038 0.175881 0.568238
0 0.037479 0.458889 0.02967 0.177151 0.522462
0 0.475638 0.376212 0.0292658 0.0798298 0.409548
0 0.0875571 0.430336 0.0362232 0.190589 0.354179
26 0.151919 0.512137 0.0229743 0.0997796 0.32596
26 0.413813 0.477402 0.0418122 0.136867 0.264782
0 0.986775 0.689433 0.0255241 0.33951 0.254541
0 0.991548 0.677636 0.0161705 0.304665 0.250566
