0 0.512593 0.537101 0.0735107 0.379755 0.860902
0 0.43871 0.536365 0.0790222 0.384733 0.851487
0 0.130894 0.532156 0.0694966 0.345851 0.842296
0 0.919301 0.437796 0.060528 0.234995 0.821181
0 0.860046 0.438035 0.0531609 0.240487 0.807858
0 0.552347 0.436327 0.0301432 0.182908 0.784355
0 0.374725 0.47342 0.0592504 0.161937 0.750336
0 0.0362085 0.442736 0.0368763 0.205965 0.708749
0 0.79268 0.432786 0.0363935 0.22389 0.688434
0 0.166349 0.464607 0.0323526 0.231605 0.679706
0 0.0141613 0.443523 0.0282322 0.206126 0.670016
0 0.613863 0.42292 0.0289991 0.175041 0.639309
0 0.73474 0.426683 0.0379534 0.216975 0.622266
0 0.769995 0.423241 0.0435099 0.246177 0.531552
0 0.0869244 0.432688 0.0357823 0.191181 0.431999
0 0.476012 0.377623 0.0273175 0.0829178 0.365154
0 0.326295 0.387487 0.0292757 0.0878626 0.273448
26 0.152021 0.519529 0.0224873 0.0879431 0.271035
0 0.147967 0.372069 0.0192868 0.0601696 0.262001
