0 0.12867 0.533164 0.0708748 0.34478 0.852629
0 0.511601 0.535714 0.0715699 0.382543 0.850227
0 0.861215 0.437826 0.0544384 0.240732 0.846813
0 0.439566 0.538597 0.0786205 0.387516 0.833233
0 0.921519 0.439335 0.0574123 0.235516 0.810307
0 0.551145 0.437028 0.0294287 0.182078 0.772441
0 0.374796 0.473468 0.0592208 0.162084 0.750575
0 0.0357896 0.441683 0.0376783 0.205091 0.697496
0 0.0146556 0.442897 0.0292149 0.206189 0.683522
0 0.791018 0.433417 0.0360746 0.223669 0.674922
0 0.737738 0.428633 0.0463539 0.221985 0.674678
0 0.163356 0.466156 0.0320146 0.237891 0.657003
0 0.612053 0.424631 0.0283955 0.177185 0.65144
0 0.772406 0.423792 0.0377607 0.242884 0.574194
0 0.476245 0.377296 0.0281052 0.0853573 0.440814
0 0.0838248 0.431484 0.0341635 0.187612 0.429029
0 0.326039 0.38693 0.0277019 0.0859166 0.321877
26 0.79222 0.394872 0.0298147 0.0660421 0.299384
0 0.324125 0.400652 0.0307322 0.112183 0.285073
0 0.335213 0.449544 0.0363974 0.130507 0.272814
