0 0.862129 0.43708 0.0554951 0.240772 0.859917
0 0.128376 0.5329 0.0709462 0.344338 0.848929
0 0.511741 0.534865 0.0734628 0.385516 0.842812
0 0.440648 0.540107 0.0800012 0.388698 0.825714
0 0.921851 0.440176 0.0564096 0.236554 0.789895
0 0.550511 0.437854 0.0291813 0.181995 0.776948
0 0.374812 0.473497 0.0589545 0.161938 0.734064
0 0.0363556 0.441745 0.0372735 0.205011 0.703432
0 0.733478 0.42927 0.0408207 0.219168 0.69875
0 0.611721 0.425995 0.0286049 0.178836 0.687549
0 0.0125389 0.443303 0.0248608 0.203843 0.656261
0 0.789483 0.432014 0.034808 0.225528 0.649245
0 0.162022 0.465486 0.0311573 0.238031 0.629056
0 0.0832969 0.431908 0.0355303 0.187697 0.582529
0 0.76719 0.423954 0.0439086 0.239837 0.561619
0 0.476717 0.377396 0.0283342 0.0851355 0.500801
26 0.790061 0.393498 0.0318022 0.0635768 0.373609
0 0.326152 0.386604 0.0274995 0.0863586 0.307564
0 0.76794 0.426619 0.0307133 0.23471 0.268874
0 0.324466 0.401051 0.0310151 0.113998 0.263635
26 0.417024 0.480653 0.0442793 0.1345 0.258926
