0 0.863383 0.438332 0.0551476 0.239786 0.853591
0 0.127089 0.531933 0.0701969 0.345119 0.850622
0 0.516426 0.535508 0.0688715 0.386791 0.834733
0 0.92269 0.441167 0.0556522 0.236712 0.804368
0 0.442613 0.540811 0.0804543 0.388799 0.802808
0 0.550073 0.437805 0.0283464 0.182391 0.751198
0 0.374229 0.473648 0.0599398 0.160892 0.717957
0 0.610484 0.425612 0.0277127 0.174884 0.702684
0 0.160103 0.462453 0.0311112 0.232928 0.702397
0 0.731194 0.429703 0.0414532 0.217749 0.687445
0 0.786859 0.432741 0.0355728 0.225704 0.666138
0 0.0819562 0.432156 0.0367723 0.187513 0.660747
0 0.0114001 0.44315 0.0227072 0.205469 0.654461
0 0.0358792 0.443217 0.0333082 0.204871 0.617852
0 0.476688 0.405937 0.0297761 0.142776 0.506369
0 0.762323 0.426148 0.0434574 0.235808 0.486674
26 0.418672 0.484139 0.0470709 0.141094 0.378595
26 0.787557 0.396207 0.0322563 0.0589745 0.358208
0 0.32465 0.405452 0.0345881 0.125306 0.281245
56 0.383199 0.503873 0.040238 0.100342 0.266789
