0 0.516397 0.534774 0.071319 0.389358 0.850459
0 0.126475 0.530953 0.069784 0.34537 0.842147
0 0.863973 0.437481 0.0556587 0.242882 0.830594
0 0.923137 0.44121 0.0545959 0.237472 0.820994
0 0.444417 0.541296 0.0808733 0.390192 0.80902
0 0.374268 0.472638 0.0600361 0.160429 0.720212
0 0.548497 0.437679 0.0288071 0.18341 0.719028
0 0.732055 0.429987 0.0444462 0.216134 0.717778
0 0.0821617 0.432514 0.0362542 0.187122 0.698459
0 0.158832 0.46376 0.0312147 0.232327 0.678437
0 0.0115878 0.443995 0.0230657 0.203168 0.655637
0 0.609479 0.426299 0.0274384 0.176026 0.648497
0 0.0379172 0.443073 0.0380123 0.203504 0.602249
0 0.477402 0.403525 0.0310843 0.137218 0.598815
0 0.784665 0.43115 0.037475 0.22933 0.564944
26 0.785639 0.394259 0.0333474 0.0675023 0.393056
0 0.765523 0.429048 0.0344904 0.231461 0.37966
26 0.423108 0.479003 0.0456451 0.143782 0.363933
26 0.147465 0.505959 0.0254928 0.111426 0.292305
0 0.759248 0.428648 0.036004 0.228378 0.270269
