0 0.516416 0.536238 0.0743193 0.391454 0.846583
0 0.124009 0.530404 0.0698284 0.342922 0.836109
0 0.864823 0.436395 0.0567421 0.245725 0.826734
0 0.924264 0.440591 0.0530733 0.237752 0.814873
0 0.443037 0.542685 0.0781692 0.391376 0.802546
0 0.374188 0.472714 0.0597243 0.160431 0.717987
0 0.732086 0.429319 0.0484888 0.21336 0.710984
0 0.0382289 0.44377 0.0393896 0.204101 0.68984
0 0.0814441 0.432762 0.035465 0.189634 0.684167
0 0.54784 0.435709 0.0272729 0.181133 0.666784
0 0.0107547 0.445024 0.0214026 0.202568 0.665434
0 0.157591 0.464352 0.0336208 0.231724 0.649479
0 0.780749 0.429112 0.0424517 0.235883 0.645121
0 0.608856 0.426698 0.0272377 0.176541 0.617113
0 0.47792 0.397979 0.0308634 0.126241 0.591864
26 0.425451 0.478547 0.0451817 0.148149 0.547516
26 0.146198 0.491777 0.0252523 0.141805 0.419082
26 0.784365 0.393458 0.0328953 0.0703765 0.415414
0 0.327643 0.384211 0.0284127 0.0856689 0.277687
26 0.527411 0.47334 0.0419614 0.113495 0.263389
