0 0.123124 0.526641 0.0690669 0.338019 0.865585
0 0.521611 0.538795 0.0728521 0.387436 0.861018
0 0.864401 0.435298 0.0578865 0.245411 0.838239
0 0.448041 0.542439 0.0827555 0.39262 0.810845
0 0.927495 0.44083 0.0517336 0.237481 0.798852
0 0.779923 0.425914 0.042492 0.241763 0.794643
0 0.374277 0.472951 0.0595974 0.159811 0.734621
0 0.730475 0.430183 0.0506409 0.21646 0.720977
0 0.0109677 0.44571 0.0218506 0.20091 0.673937
0 0.154563 0.463968 0.0335503 0.233731 0.661222
26 0.426801 0.480469 0.0457361 0.146701 0.64424
0 0.0791733 0.431935 0.0344629 0.187115 0.610198
0 0.60833 0.426244 0.0265284 0.176112 0.589605
0 0.477798 0.392555 0.0310829 0.116618 0.527878
0 0.0392401 0.443541 0.0365591 0.200817 0.525761
0 0.547202 0.431091 0.0266729 0.174045 0.482677
26 0.529384 0.473809 0.043499 0.116621 0.350852
0 0.32853 0.378457 0.0268003 0.073636 0.340001
0 0.033516 0.446274 0.0321867 0.197872 0.294964
26 0.783499 0.390489 0.0333727 0.077984 0.273755
