0 0.524518 0.54168 0.0722044 0.384507 0.868644
0 0.123319 0.525818 0.0705744 0.339749 0.861766
0 0.86546 0.435599 0.0587452 0.24677 0.842487
0 0.779852 0.426378 0.0427198 0.241789 0.817643
0 0.445146 0.54358 0.0746479 0.393221 0.80919
0 0.929987 0.441206 0.050547 0.237158 0.806935
0 0.729134 0.429749 0.0510118 0.212351 0.751752
0 0.37419 0.472999 0.059608 0.159559 0.718046
26 0.427735 0.481507 0.0460381 0.14756 0.682763
0 0.0110005 0.445739 0.0218721 0.199202 0.652414
0 0.152742 0.463596 0.0344336 0.230135 0.615956
0 0.607551 0.426355 0.0287184 0.177995 0.606339
0 0.0784302 0.431529 0.0338899 0.187823 0.522541
0 0.4778 0.394746 0.0303442 0.119859 0.455238
0 0.0359415 0.449004 0.0350803 0.190191 0.437899
0 0.0418841 0.443201 0.035133 0.197388 0.374395
0 0.758492 0.435033 0.0270599 0.219127 0.371522
0 0.546302 0.396416 0.0244099 0.10305 0.335716
0 0.0308577 0.454873 0.0277174 0.178001 0.332056
0 0.328529 0.378488 0.0269821 0.0735392 0.331649
26 0.530954 0.472284 0.0432583 0.121779 0.30473
