0 0.526544 0.545644 0.0720757 0.375891 0.866288
0 0.78077 0.426336 0.0445459 0.242326 0.839757
0 0.868284 0.434128 0.0592161 0.245479 0.831421
0 0.933596 0.43964 0.0494457 0.241011 0.811247
0 0.125762 0.525288 0.080557 0.342241 0.798484
0 0.44754 0.544332 0.0721233 0.393633 0.796493
0 0.728542 0.430081 0.0558306 0.217072 0.779896
0 0.37409 0.473433 0.0593406 0.158995 0.707511
0 0.0109763 0.446113 0.0217713 0.199137 0.688513
26 0.43019 0.481481 0.0470475 0.144633 0.672983
0 0.607486 0.425554 0.0262894 0.175397 0.569095
0 0.0408836 0.442889 0.0384859 0.196013 0.535409
0 0.478525 0.393336 0.0292658 0.116747 0.493135
0 0.0780204 0.429853 0.033915 0.187609 0.453651
0 0.758161 0.435383 0.0260294 0.217233 0.393344
0 0.150461 0.46423 0.0361072 0.224397 0.386991
0 0.328936 0.381608 0.0275347 0.0811627 0.324536
0 0.545228 0.391786 0.023992 0.0905604 0.323191
