0 0.809854 0.659128 0.17753 0.666388 0.92324
0 0.467448 0.61534 0.16392 0.759198 0.922394
0 0.0554386 0.614448 0.109814 0.744926 0.888793
0 0.357913 0.509324 0.0786169 0.393011 0.873444
0 0.906902 0.438713 0.046962 0.255691 0.848626
0 0.227883 0.466217 0.0446129 0.2237 0.836418
26 0.527644 0.855588 0.0611277 0.240951 0.823736
26 0.385309 0.832597 0.0698424 0.21243 0.750371
0 0.179247 0.471426 0.0408206 0.216372 0.726224
0 0.875379 0.431225 0.0420645 0.212529 0.722264
26 0.109708 0.699114 0.129984 0.553483 0.710516
0 0.983764 0.441495 0.0316008 0.244335 0.67245
26 0.117237 0.82231 0.113349 0.306928 0.641628
0 0.531173 0.420272 0.0315036 0.180335 0.625979
0 0.70219 0.431261 0.03565 0.253635 0.621105
0 0.595961 0.423641 0.0422224 0.215838 0.586688
0 0.567248 0.42516 0.026342 0.169959 0.579182
0 0.0737392 0.39929 0.0432075 0.106876 0.520964
24 0.470768 0.442636 0.101633 0.141662 0.47206
26 0.863373 0.667441 0.0405642 0.366264 0.45895
0 0.954904 0.443223 0.0301323 0.15464 0.43323
0 0.414614 0.384934 0.0458291 0.128184 0.41993
0 0.644683 0.351268 0.0364175 0.0846078 0.373134
0 0.0473316 0.382915 0.0252005 0.0743403 0.338315
26 0.919005 0.422206 0.0295984 0.104122 0.305504
26 0.863392 0.729069 0.039744 0.239911 0.287461
24 0.16935 0.43483 0.0256466 0.0776271 0.268175
