0 0.529027 0.547229 0.0734827 0.380487 0.86028
0 0.781274 0.42644 0.0450563 0.241202 0.835079
0 0.869015 0.435334 0.0593525 0.245572 0.825301
0 0.935271 0.438781 0.0484901 0.242688 0.814202
0 0.126492 0.525172 0.0758234 0.340234 0.813774
0 0.448536 0.545088 0.0722836 0.393297 0.80143
0 0.727186 0.430148 0.0539841 0.216527 0.783212
0 0.374039 0.473681 0.0592999 0.158741 0.726041
0 0.0109403 0.446293 0.0217693 0.198509 0.681086
26 0.430897 0.479129 0.0449917 0.148398 0.646336
0 0.607353 0.425807 0.0259041 0.175242 0.599888
0 0.0406661 0.442907 0.0399211 0.195693 0.569894
0 0.478929 0.391339 0.0287571 0.111899 0.500378
0 0.0770242 0.429668 0.0337342 0.188068 0.500152
0 0.75813 0.434905 0.0260456 0.217053 0.408361
0 0.329559 0.381047 0.0274795 0.079734 0.324709
0 0.545315 0.38967 0.023517 0.0862459 0.308587
0 0.148807 0.465221 0.0358424 0.223379 0.307138
56 0.383194 0.507724 0.0403608 0.0948595 0.25209
