0 0.53079 0.547103 0.0749897 0.385441 0.861495
0 0.123846 0.524814 0.0690526 0.339782 0.841032
0 0.781365 0.426516 0.0447481 0.241277 0.829185
0 0.87132 0.436458 0.0555534 0.244919 0.824382
0 0.937433 0.437429 0.047216 0.244293 0.789175
0 0.725654 0.430363 0.0528959 0.21789 0.783901
0 0.449305 0.544107 0.0713438 0.395064 0.783022
0 0.374151 0.473758 0.0593796 0.158732 0.745054
0 0.0109266 0.446273 0.0217577 0.198252 0.698304
26 0.432436 0.480537 0.0462402 0.143112 0.657607
0 0.605768 0.425136 0.028731 0.174833 0.625643
0 0.0409696 0.441326 0.0388617 0.194258 0.598722
0 0.0767333 0.428825 0.035056 0.188402 0.50244
0 0.757287 0.433714 0.0242559 0.215359 0.36056
0 0.478481 0.393262 0.0271208 0.114771 0.341505
0 0.330002 0.38231 0.0275551 0.0822042 0.318889
0 0.144869 0.410513 0.029679 0.107556 0.307887
56 0.383262 0.507902 0.0401678 0.0937457 0.254674
