0 0.874879 0.438042 0.0586788 0.244485 0.865774
0 0.534375 0.545051 0.0749736 0.391556 0.855338
0 0.123818 0.525404 0.0691061 0.338795 0.846768
0 0.781847 0.426165 0.0465467 0.243397 0.804688
0 0.722509 0.428992 0.0489639 0.219358 0.799549
0 0.938835 0.43757 0.0479233 0.245877 0.786522
0 0.604995 0.424331 0.0283173 0.173771 0.768912
0 0.374134 0.474059 0.0591713 0.15827 0.747194
0 0.451521 0.543734 0.0689552 0.39599 0.727404
0 0.0107054 0.447046 0.021292 0.198619 0.655368
26 0.433921 0.481001 0.0468557 0.138168 0.642939
0 0.0416446 0.438923 0.0359196 0.190044 0.628418
0 0.0761731 0.430126 0.0362799 0.187248 0.501478
0 0.757493 0.433839 0.0248807 0.216418 0.492619
0 0.970038 0.421095 0.0333801 0.197361 0.479995
26 0.73568 0.408021 0.0207975 0.0913547 0.417308
0 0.478436 0.412778 0.0255716 0.150054 0.387979
0 0.14279 0.403569 0.0265809 0.0952757 0.351019
26 0.433786 0.50038 0.045927 0.0980567 0.303514
0 0.330934 0.380353 0.0274355 0.0768845 0.284106
56 0.383203 0.508442 0.0398594 0.0919428 0.280405
0 0.0266635 0.446881 0.02608 0.192385 0.267569
26 0.575903 0.541244 0.0276378 0.101151 0.252535
26 0.433283 0.515475 0.0447557 0.068356 0.251081
26 0.777044 0.386477 0.0348669 0.0834291 0.250259
