0 0.875508 0.439915 0.0590338 0.242753 0.870794
0 0.53631 0.541652 0.0765696 0.396204 0.857146
0 0.123667 0.525234 0.0686041 0.339429 0.856348
0 0.939285 0.438471 0.048407 0.247103 0.807173
0 0.720485 0.424924 0.0478365 0.213691 0.787027
0 0.604137 0.421533 0.0283186 0.1703 0.754741
0 0.781606 0.425497 0.0481899 0.243221 0.754437
0 0.374108 0.473893 0.0592952 0.158503 0.742223
0 0.456742 0.543568 0.0701613 0.398271 0.717125
0 0.0101843 0.446745 0.0201973 0.19668 0.624574
0 0.0431776 0.436814 0.0321628 0.186889 0.531216
0 0.755713 0.434097 0.0258778 0.215612 0.462121
26 0.434711 0.479392 0.0465868 0.138624 0.44828
0 0.0258423 0.45208 0.0233033 0.182082 0.415657
0 0.969277 0.419054 0.0310707 0.195732 0.413588
0 0.332638 0.380082 0.0273218 0.0754619 0.333621
56 0.383477 0.509445 0.0399155 0.0897361 0.320384
26 0.434194 0.515325 0.0445239 0.0672249 0.30816
26 0.733296 0.406292 0.0211978 0.0886631 0.303991
0 0.769002 0.433507 0.0321074 0.221116 0.273767
