0 0.541277 0.544306 0.0767244 0.391097 0.86483
0 0.122447 0.526016 0.066161 0.338489 0.854854
0 0.877108 0.439368 0.0574347 0.244222 0.846766
0 0.941194 0.440097 0.0476833 0.245189 0.79953
0 0.459233 0.542126 0.0823359 0.397639 0.787436
0 0.602025 0.424047 0.0312628 0.177411 0.782419
0 0.719186 0.424854 0.0458963 0.215043 0.763349
0 0.374054 0.473975 0.0593051 0.158412 0.74359
0 0.0438571 0.437992 0.0322116 0.190444 0.551464
0 0.0107126 0.445985 0.0212623 0.197624 0.546164
0 0.773701 0.430249 0.0366381 0.229715 0.47726
0 0.0251213 0.450166 0.0235182 0.185254 0.41905
0 0.793049 0.423717 0.031242 0.23959 0.395204
0 0.766264 0.43303 0.0444742 0.218949 0.363635
26 0.436635 0.508744 0.0456861 0.0841078 0.357116
26 0.435939 0.480178 0.0443665 0.135835 0.345994
0 0.334165 0.378918 0.0267719 0.0705904 0.324428
56 0.383389 0.507079 0.0398875 0.0943302 0.313691
0 0.754875 0.42224 0.0248333 0.191298 0.282819
0 0.781429 0.427109 0.043738 0.237943 0.250218
