0 0.541742 0.545085 0.0751873 0.390572 0.874185
0 0.122203 0.52574 0.0643923 0.339059 0.863547
0 0.87851 0.439879 0.0544294 0.245301 0.845776
0 0.458641 0.543031 0.0823883 0.397499 0.832499
0 0.601868 0.423959 0.0313768 0.17809 0.784718
0 0.941574 0.4403 0.0479996 0.245149 0.784032
0 0.374134 0.474003 0.0593487 0.158792 0.743979
0 0.718909 0.426533 0.0459774 0.215972 0.692433
0 0.043703 0.438198 0.0351059 0.192785 0.570831
0 0.771894 0.431013 0.0368145 0.22802 0.563027
0 0.0116458 0.446267 0.0231828 0.19962 0.552398
0 0.793279 0.420882 0.0312974 0.235215 0.461588
26 0.437995 0.511692 0.0441563 0.0788696 0.446707
26 0.437479 0.480238 0.0442099 0.136496 0.380897
56 0.383403 0.507201 0.0401035 0.094201 0.367832
26 0.731799 0.406822 0.0239162 0.0860457 0.360157
26 0.755169 0.468843 0.0242199 0.0661713 0.340275
0 0.0238392 0.44518 0.0233544 0.194324 0.335684
0 0.334564 0.379584 0.0269999 0.0722349 0.295123
0 0.00765914 0.445542 0.0153183 0.199761 0.278008
