0 0.543358 0.541634 0.0752174 0.398064 0.87799
0 0.880672 0.439996 0.0534813 0.245499 0.854396
0 0.459246 0.545673 0.0826833 0.400388 0.852639
0 0.122073 0.526641 0.0627039 0.337072 0.852476
0 0.602202 0.424661 0.0300156 0.177505 0.823339
0 0.943409 0.440086 0.0474873 0.242358 0.773803
0 0.374175 0.473967 0.0592419 0.158719 0.74284
0 0.716114 0.426002 0.0414752 0.211748 0.735096
0 0.767544 0.432984 0.0450287 0.220164 0.61894
0 0.0419388 0.438672 0.0401159 0.196105 0.572929
0 0.792529 0.423325 0.03305 0.240945 0.529042
0 0.0105731 0.44671 0.0211108 0.199784 0.517604
26 0.439368 0.486152 0.0449503 0.130322 0.487064
26 0.439293 0.508195 0.0444563 0.087569 0.418858
26 0.754442 0.471361 0.0266254 0.0666763 0.398628
56 0.383423 0.504815 0.0401749 0.0987886 0.386193
26 0.731632 0.40898 0.0240862 0.0837458 0.375489
0 0.497452 0.409255 0.017811 0.131097 0.351544
0 0.335205 0.380179 0.0276855 0.0728258 0.315693
26 0.143645 0.512397 0.0221231 0.106976 0.307394
0 0.0241347 0.442952 0.0229686 0.196758 0.28707
0 0.00728449 0.443731 0.014569 0.203773 0.269924
