0 0.545903 0.54339 0.0763476 0.39603 0.875199
0 0.88166 0.440478 0.054377 0.245943 0.866465
0 0.461929 0.547421 0.0818252 0.402846 0.850398
0 0.122179 0.527854 0.0624311 0.334011 0.84486
0 0.945173 0.440807 0.0503296 0.243224 0.816274
0 0.602407 0.424471 0.0271805 0.176593 0.796003
0 0.714616 0.425209 0.0386972 0.205409 0.734541
0 0.374457 0.474046 0.0594949 0.158223 0.706295
0 0.04399 0.435964 0.0408925 0.192452 0.686258
0 0.765766 0.433435 0.0424194 0.222989 0.684034
0 0.791663 0.423221 0.0363026 0.240778 0.657524
0 0.0094215 0.446068 0.018843 0.20179 0.601692
26 0.730487 0.411769 0.0235302 0.080811 0.565529
26 0.750108 0.472501 0.0281136 0.065377 0.442806
56 0.383487 0.499915 0.0412766 0.108347 0.4076
26 0.143746 0.51236 0.0212429 0.0879486 0.376313
0 0.496967 0.412756 0.0180036 0.135079 0.358842
26 0.44054 0.513642 0.043533 0.0768926 0.354885
26 0.440551 0.486992 0.0439669 0.130591 0.338086
0 0.0225683 0.444923 0.0230973 0.194005 0.335592
26 0.438782 0.523332 0.039236 0.0529877 0.298161
0 0.433121 0.42898 0.0324926 0.0908162 0.290929
0 0.335376 0.378852 0.0270821 0.0721363 0.263752
