0 0.546599 0.541565 0.0754168 0.398905 0.875992
0 0.883944 0.439267 0.0518866 0.247076 0.860684
0 0.463093 0.547333 0.081304 0.40144 0.850835
0 0.121228 0.527857 0.0647827 0.331634 0.832277
0 0.947648 0.441527 0.0480415 0.241233 0.823787
0 0.601709 0.424527 0.0263135 0.174846 0.795835
0 0.374381 0.473875 0.0595335 0.158244 0.717001
0 0.0448802 0.435546 0.039933 0.191275 0.709692
0 0.714133 0.425931 0.0389096 0.203605 0.691461
0 0.79101 0.424656 0.0378756 0.240371 0.689397
0 0.766071 0.432765 0.0395098 0.221573 0.673176
0 0.00849443 0.446841 0.0169889 0.20035 0.596209
26 0.143222 0.500261 0.022995 0.11214 0.465268
56 0.383335 0.501581 0.0413775 0.104561 0.408854
0 0.0210824 0.444061 0.024506 0.193006 0.376525
26 0.748699 0.472508 0.0275961 0.0653685 0.341084
26 0.439169 0.51902 0.0377119 0.0638441 0.313889
0 0.433617 0.429379 0.033046 0.0899666 0.304224
0 0.325554 0.4484 0.0503 0.131562 0.301093
26 0.439551 0.479865 0.0397892 0.136316 0.291836
26 0.441584 0.508545 0.0435066 0.0881251 0.277669
0 0.177949 0.373751 0.0195905 0.0444827 0.264607
0 0.156325 0.370553 0.0227102 0.0541105 0.259475
