0 0.465322 0.548907 0.079557 0.399748 0.860635
0 0.549233 0.543247 0.0763275 0.399983 0.855206
0 0.121821 0.524469 0.0654551 0.337814 0.852954
0 0.887299 0.438539 0.0504383 0.248137 0.852599
0 0.764565 0.434174 0.0374818 0.221429 0.804969
0 0.949244 0.44073 0.0488998 0.243064 0.802424
0 0.714683 0.423451 0.0414068 0.205968 0.757532
0 0.790846 0.427752 0.0387213 0.234989 0.753754
0 0.374488 0.473877 0.0592561 0.158575 0.746202
0 0.0479239 0.437352 0.0435877 0.19097 0.739723
0 0.60077 0.424724 0.0258177 0.17475 0.706202
0 0.00756923 0.446234 0.0151385 0.198961 0.603735
0 0.0207707 0.444944 0.0245315 0.194447 0.480205
26 0.143214 0.503434 0.0235523 0.10544 0.440763
0 0.327092 0.448493 0.0517881 0.131415 0.384596
26 0.441739 0.507343 0.0408035 0.10051 0.326683
56 0.383466 0.509582 0.0409336 0.0888931 0.324433
0 0.336975 0.379419 0.0295599 0.0769462 0.307805
26 0.441736 0.519331 0.0392264 0.0727553 0.299069
0 0.177976 0.373408 0.0198449 0.0439618 0.292153
26 0.443004 0.488714 0.0429677 0.136872 0.290887
0 0.157054 0.370318 0.0224686 0.0539395 0.282163
0 0.434149 0.429108 0.0340473 0.0908466 0.272088
