0 0.471051 0.613483 0.165105 0.763098 0.924217
0 0.805928 0.661009 0.177772 0.665785 0.919197
0 0.0525169 0.616524 0.103822 0.741568 0.887711
0 0.358696 0.50966 0.0790202 0.391156 0.874017
0 0.907713 0.43944 0.048922 0.256931 0.849962
26 0.530438 0.853285 0.0635257 0.245319 0.841392
0 0.229141 0.466642 0.0458608 0.221546 0.827227
0 0.875068 0.439567 0.043018 0.230769 0.734749
26 0.391035 0.813282 0.0742915 0.246804 0.724818
0 0.180322 0.471763 0.0399371 0.216574 0.711573
26 0.111923 0.827749 0.112913 0.314785 0.673723
0 0.982067 0.43911 0.0348461 0.240794 0.637113
0 0.601875 0.420301 0.0307467 0.207101 0.620959
0 0.704519 0.417357 0.0380735 0.225357 0.617821
0 0.568389 0.423642 0.0288673 0.173919 0.604372
0 0.531526 0.419257 0.0315481 0.179854 0.524427
0 0.953877 0.445186 0.0280552 0.153484 0.483122
0 0.0736207 0.409501 0.0428115 0.127793 0.463234
24 0.474086 0.435287 0.103035 0.141393 0.455404
0 0.414319 0.386999 0.0442501 0.132435 0.403854
26 0.860448 0.668559 0.0434647 0.364827 0.397026
0 0.644259 0.351326 0.037496 0.0852669 0.363644
26 0.0947979 0.704419 0.149192 0.559798 0.344487
26 0.858909 0.730153 0.0387062 0.239739 0.342254
0 0.0476496 0.385421 0.0269539 0.079248 0.323856
24 0.169235 0.435013 0.0246627 0.0775775 0.287668
26 0.919839 0.417664 0.0306835 0.114585 0.262355
