0 0.550212 0.543904 0.0766718 0.404432 0.861322
0 0.46669 0.551172 0.0788954 0.400833 0.857493
0 0.122135 0.52359 0.0658153 0.337589 0.857054
0 0.889031 0.437621 0.0500404 0.24998 0.853989
0 0.763764 0.434174 0.036113 0.220599 0.795195
0 0.951067 0.440872 0.0499493 0.243044 0.785626
0 0.789943 0.428382 0.0407766 0.237716 0.773514
0 0.374475 0.47391 0.0592718 0.158372 0.75542
0 0.0482974 0.43882 0.0420873 0.191122 0.74779
0 0.713572 0.423633 0.0392902 0.208285 0.732095
0 0.00767783 0.446603 0.0153557 0.200033 0.643441
0 0.600605 0.424944 0.0240257 0.173082 0.599393
0 0.0206632 0.445664 0.0249654 0.194672 0.518914
0 0.32645 0.448094 0.0530632 0.132305 0.488104
26 0.143354 0.502482 0.0243946 0.105941 0.472256
26 0.44504 0.489052 0.0439057 0.141508 0.41251
0 0.337555 0.380723 0.0300285 0.0811232 0.319607
0 0.433706 0.431764 0.033162 0.0975159 0.308422
56 0.383484 0.508684 0.0408713 0.0905596 0.304449
0 0.157724 0.370542 0.022499 0.053216 0.302842
0 0.178123 0.373246 0.0195969 0.0434329 0.282615
