0 0.552202 0.545399 0.0776355 0.40573 0.858711
0 0.12269 0.52232 0.0653818 0.332634 0.857078
0 0.467717 0.553481 0.0806845 0.400709 0.853332
0 0.89088 0.437429 0.0509916 0.249879 0.84352
0 0.952663 0.441256 0.0485992 0.245706 0.794093
0 0.0485148 0.438725 0.0399375 0.191628 0.744486
0 0.787673 0.427763 0.0445221 0.238346 0.740774
0 0.374525 0.47399 0.0593896 0.158624 0.735154
0 0.761909 0.434064 0.0360897 0.220819 0.720732
0 0.712582 0.423733 0.0367323 0.208223 0.707765
0 0.00719227 0.446681 0.0143845 0.1985 0.620299
0 0.0197607 0.446116 0.0266663 0.193681 0.558706
0 0.600084 0.425038 0.0223393 0.172775 0.509277
0 0.326682 0.44811 0.0532745 0.132497 0.46066
26 0.143953 0.501171 0.0239 0.109972 0.399452
26 0.447341 0.490353 0.0458248 0.14209 0.37097
0 0.433696 0.434987 0.0335091 0.106125 0.329833
0 0.338264 0.390598 0.0298919 0.102134 0.30993
26 0.741637 0.475609 0.0334206 0.0869273 0.302195
0 0.158266 0.370756 0.0228951 0.0531754 0.297398
56 0.383588 0.50981 0.0406577 0.0884993 0.253125
26 0.443852 0.529716 0.0381264 0.0617289 0.251073
