0 0.123458 0.519206 0.0663323 0.330986 0.860654
0 0.553745 0.550201 0.078087 0.401683 0.860248
0 0.470392 0.551981 0.0824984 0.406846 0.858121
0 0.892262 0.437467 0.0513088 0.250901 0.851168
0 0.954836 0.441156 0.0485752 0.244821 0.827784
0 0.788755 0.428218 0.0433392 0.237867 0.76106
0 0.374544 0.47388 0.0592889 0.159033 0.725103
0 0.0500745 0.438886 0.0383104 0.192178 0.719623
0 0.760686 0.434984 0.0381817 0.221588 0.707058
0 0.711856 0.42481 0.0361723 0.207341 0.668088
0 0.0197155 0.447372 0.0279496 0.190527 0.611726
0 0.00679623 0.446673 0.0135925 0.196082 0.544458
26 0.44962 0.488885 0.0452168 0.144582 0.424682
0 0.598817 0.423742 0.0226135 0.169084 0.404278
0 0.326802 0.447459 0.0523967 0.133568 0.349136
0 0.338424 0.387822 0.0303175 0.0961636 0.312531
0 0.433619 0.435538 0.034608 0.10548 0.253006
26 0.446656 0.528853 0.0387527 0.0625106 0.251049
