0 0.472848 0.552497 0.0829346 0.405283 0.849098
0 0.894083 0.437854 0.0514349 0.25302 0.845663
0 0.555929 0.55117 0.0745334 0.394948 0.837153
0 0.956777 0.440684 0.0490288 0.244227 0.824813
0 0.125091 0.519258 0.0669547 0.330747 0.821383
0 0.789579 0.428281 0.042124 0.237449 0.750871
0 0.0507055 0.439582 0.0386864 0.191012 0.714639
0 0.374599 0.473905 0.059264 0.158842 0.703493
0 0.710915 0.42525 0.036615 0.207082 0.652263
0 0.759844 0.434129 0.037282 0.221166 0.648353
0 0.0178625 0.447549 0.0320727 0.191203 0.613616
0 0.520374 0.435654 0.0302091 0.171714 0.396428
0 0.00627891 0.445937 0.0125066 0.189218 0.393111
26 0.450399 0.487489 0.0445745 0.139631 0.344903
0 0.339104 0.392355 0.030527 0.105425 0.298912
0 0.595218 0.42348 0.0270338 0.168403 0.279322
0 0.32622 0.447154 0.0523746 0.134029 0.274089
0 0.433723 0.43668 0.0341724 0.107484 0.259731
26 0.447133 0.526791 0.0385037 0.0593814 0.255018
