0 0.895613 0.437198 0.0541363 0.253369 0.860935
0 0.475867 0.552374 0.0833744 0.405289 0.85113
0 0.560287 0.553529 0.0717786 0.400294 0.844299
0 0.958786 0.439115 0.0497692 0.248891 0.826269
0 0.126335 0.519236 0.0661285 0.330185 0.803012
0 0.789191 0.426725 0.0438105 0.238612 0.783149
0 0.0511163 0.438664 0.0397497 0.19215 0.741888
0 0.37437 0.474076 0.0588537 0.15888 0.705938
0 0.71063 0.425744 0.0368889 0.2088 0.695638
0 0.757441 0.435074 0.0391047 0.222085 0.64731
0 0.519419 0.434625 0.032093 0.162872 0.639296
0 0.017369 0.446347 0.0329442 0.192042 0.594485
26 0.453474 0.488165 0.0459932 0.139557 0.496764
26 0.147616 0.500027 0.0209001 0.100359 0.460997
0 0.339609 0.395091 0.0300966 0.109133 0.364514
0 0.433542 0.436689 0.0341343 0.106213 0.352681
26 0.147641 0.482169 0.0226362 0.137796 0.339344
0 0.00605801 0.44521 0.0119403 0.177815 0.305741
0 0.326004 0.447311 0.0520169 0.133734 0.285481
0 0.159543 0.371621 0.0230687 0.0532387 0.257823
