0 0.476983 0.551963 0.0843044 0.40627 0.866765
0 0.558356 0.553102 0.0772915 0.402495 0.854273
0 0.896836 0.438217 0.0546726 0.253333 0.851809
0 0.961173 0.438571 0.0505602 0.24928 0.822893
0 0.78928 0.426925 0.0427097 0.24083 0.822285
0 0.125806 0.519129 0.0664627 0.331238 0.814075
0 0.0522385 0.43852 0.0411757 0.195718 0.759253
0 0.3743 0.474061 0.0591234 0.159088 0.716635
0 0.754365 0.43394 0.0381739 0.222523 0.683181
0 0.710126 0.425271 0.036376 0.20916 0.587349
0 0.0180811 0.459183 0.0257434 0.165132 0.527635
26 0.147512 0.49904 0.0214005 0.0975802 0.513759
26 0.147774 0.480549 0.0228108 0.135462 0.45933
26 0.454948 0.488467 0.0449394 0.137375 0.449388
0 0.340008 0.395713 0.0310415 0.109872 0.399516
0 0.433531 0.436604 0.0341123 0.10635 0.370907
0 0.326994 0.447474 0.0510215 0.133415 0.326659
0 0.00584469 0.446742 0.0115993 0.17819 0.307515
0 0.519484 0.433123 0.0331024 0.161374 0.301669
26 0.454502 0.521263 0.0440735 0.0686924 0.296424
