0 0.479305 0.550951 0.0832914 0.408638 0.859902
0 0.559449 0.552179 0.0794157 0.404371 0.85021
0 0.788877 0.42657 0.0434607 0.239449 0.843611
0 0.898592 0.438638 0.0544994 0.254396 0.836719
0 0.125596 0.519407 0.0684171 0.331246 0.835752
0 0.961347 0.438845 0.0488186 0.249891 0.832639
0 0.0527544 0.43685 0.0427575 0.19842 0.768532
0 0.374247 0.474095 0.0590196 0.159218 0.721914
0 0.753741 0.43299 0.0384754 0.223855 0.67265
0 0.709852 0.427847 0.0372271 0.214999 0.631731
0 0.0155686 0.460843 0.0292671 0.162651 0.573268
26 0.455732 0.48488 0.0439007 0.140879 0.522016
0 0.519184 0.421645 0.0335056 0.134676 0.494869
26 0.148112 0.502174 0.0215781 0.0887793 0.464927
0 0.340067 0.395069 0.030808 0.10786 0.390687
26 0.148209 0.480308 0.0226054 0.1334 0.385152
0 0.433368 0.436706 0.033736 0.105134 0.335078
0 0.326826 0.447544 0.0508155 0.133175 0.315515
26 0.455797 0.520205 0.0432505 0.0723151 0.297972
0 0.00575827 0.445719 0.0113335 0.166238 0.289933
