0 0.480505 0.549678 0.0849679 0.411006 0.8679
0 0.788456 0.4264 0.0443588 0.240322 0.852161
0 0.964522 0.439629 0.0510662 0.248237 0.832918
0 0.89951 0.438986 0.0546789 0.25363 0.828768
0 0.561169 0.553358 0.0792025 0.403987 0.827988
0 0.126932 0.519767 0.0663164 0.330385 0.806997
0 0.0537982 0.436194 0.0422823 0.199193 0.744411
0 0.374279 0.474018 0.0587858 0.158992 0.738538
0 0.750175 0.432287 0.0367008 0.222871 0.652501
0 0.708997 0.431635 0.0414976 0.224244 0.617446
0 0.518171 0.412018 0.0332735 0.117728 0.572363
26 0.148114 0.503866 0.0231052 0.088997 0.491311
26 0.45778 0.482725 0.0450871 0.138343 0.48918
0 0.0155087 0.455286 0.0299946 0.173121 0.450054
0 0.433614 0.436345 0.0347754 0.105987 0.448644
26 0.457731 0.507605 0.0447477 0.0877714 0.414155
0 0.341507 0.39862 0.0297029 0.11216 0.411596
26 0.148401 0.480375 0.0240756 0.133922 0.404962
0 0.0978962 0.472763 0.0366922 0.23752 0.342727
0 0.326435 0.447565 0.050489 0.133054 0.316962
0 0.46687 0.37765 0.0180157 0.0774604 0.292088
0 0.00555577 0.451929 0.0109232 0.17312 0.262038
