0 0.481417 0.549396 0.0866805 0.413565 0.879598
0 0.56313 0.553354 0.0780093 0.405937 0.8638
0 0.900888 0.439607 0.0547327 0.248801 0.83445
0 0.96563 0.440124 0.0520893 0.24883 0.824083
0 0.788496 0.42765 0.0453815 0.237089 0.820571
0 0.126672 0.519505 0.0662407 0.329766 0.78483
0 0.374311 0.473977 0.0586442 0.158952 0.756643
0 0.0542189 0.437387 0.0414052 0.196632 0.743851
0 0.748498 0.431159 0.0331546 0.221321 0.637454
0 0.706909 0.433623 0.044944 0.231421 0.59954
0 0.517476 0.411937 0.0330791 0.117709 0.533418
0 0.433591 0.435706 0.0341545 0.105976 0.526817
26 0.148058 0.504939 0.0235627 0.0863737 0.504797
0 0.0148275 0.456268 0.0293 0.170215 0.458396
0 0.341947 0.399634 0.0292818 0.114378 0.429809
26 0.148293 0.480009 0.0245035 0.134022 0.404759
26 0.458531 0.513883 0.0441446 0.0727695 0.393938
0 0.0978469 0.476236 0.0352425 0.230357 0.38234
0 0.326672 0.448239 0.0512606 0.131871 0.338175
26 0.458917 0.482343 0.0454746 0.13831 0.337825
0 0.467075 0.378087 0.0185877 0.0785734 0.336278
0 0.771708 0.431532 0.0241028 0.221842 0.254545
56 0.3834 0.51038 0.0401232 0.0876768 0.252716
