0 0.564959 0.551095 0.0772121 0.408323 0.887781
0 0.482996 0.55175 0.0873197 0.416369 0.875712
0 0.90247 0.441436 0.0576756 0.252936 0.854059
0 0.79039 0.424883 0.0435923 0.237313 0.798903
0 0.968484 0.440521 0.0527359 0.249454 0.797337
0 0.126804 0.519794 0.0653963 0.32766 0.786172
0 0.374292 0.473795 0.0588892 0.159462 0.752664
0 0.0550545 0.436887 0.0412227 0.196136 0.729519
0 0.70672 0.430516 0.042358 0.224584 0.619219
0 0.0977902 0.473229 0.0362072 0.237993 0.614788
0 0.747223 0.431208 0.0316752 0.21977 0.554309
0 0.433704 0.435054 0.0339771 0.10434 0.522222
0 0.0146943 0.458174 0.028086 0.16343 0.521774
26 0.148172 0.506546 0.0247038 0.0845636 0.513917
0 0.771064 0.429135 0.0246659 0.217911 0.461872
26 0.461293 0.481793 0.0463516 0.139173 0.443094
26 0.148545 0.48189 0.0258106 0.130797 0.43354
0 0.51741 0.409345 0.0337 0.118266 0.424805
0 0.34243 0.401913 0.0289697 0.116781 0.42371
26 0.460974 0.510369 0.0452934 0.0792806 0.396784
0 0.326375 0.448223 0.0512925 0.131947 0.371993
0 0.467951 0.378601 0.0197918 0.0806607 0.356523
