0 0.47557 0.608673 0.166588 0.770135 0.928204
0 0.798553 0.664208 0.176478 0.658499 0.924199
0 0.0478162 0.622584 0.0948227 0.73234 0.880313
0 0.358708 0.511655 0.0788938 0.391078 0.873506
0 0.230531 0.467301 0.04569 0.223607 0.840992
26 0.536167 0.850125 0.0659128 0.245614 0.827987
26 0.394905 0.822248 0.0721701 0.220575 0.811495
0 0.907022 0.438492 0.0523582 0.260699 0.792431
0 0.876404 0.445604 0.0495659 0.23664 0.758484
0 0.981111 0.441563 0.0366684 0.247389 0.728217
0 0.181241 0.470854 0.0403529 0.220804 0.715032
0 0.705599 0.414561 0.0387318 0.22112 0.708937
0 0.569539 0.424209 0.0302721 0.17252 0.653798
26 0.103443 0.839329 0.111611 0.319598 0.615115
0 0.0725931 0.43491 0.0451717 0.175352 0.610656
0 0.60335 0.420529 0.0300652 0.204012 0.592913
26 0.0812888 0.712982 0.155844 0.568 0.488228
24 0.479537 0.428078 0.095484 0.143754 0.411382
26 0.856209 0.667473 0.0490711 0.364252 0.407215
0 0.531905 0.418652 0.0303402 0.180387 0.396439
0 0.952257 0.446073 0.0263374 0.147658 0.36293
0 0.645113 0.350579 0.0362793 0.0878347 0.356501
24 0.476662 0.461054 0.108107 0.208501 0.354287
26 0.851874 0.729604 0.0396145 0.242884 0.309009
0 0.414209 0.493476 0.0506058 0.330047 0.292999
26 0.921584 0.417841 0.0309366 0.120826 0.291241
0 0.0466995 0.390555 0.0258385 0.0878342 0.287611
26 0.924164 0.43242 0.0276333 0.0913186 0.272617
24 0.169341 0.434887 0.0244764 0.078265 0.250774
