0 0.566322 0.550371 0.0774777 0.410455 0.891289
0 0.483966 0.553032 0.0874628 0.418188 0.872667
0 0.903264 0.441171 0.0584467 0.254293 0.850802
0 0.969246 0.440534 0.0544296 0.248308 0.806221
0 0.127031 0.52086 0.0647605 0.326376 0.798585
0 0.790886 0.424276 0.0425591 0.236035 0.793054
0 0.374293 0.473913 0.0587434 0.159023 0.756784
0 0.0556711 0.436641 0.0430611 0.198081 0.720692
0 0.0974359 0.473061 0.0373966 0.237173 0.701844
0 0.706902 0.426043 0.0420443 0.214694 0.648766
0 0.745823 0.429543 0.0336845 0.218611 0.601649
0 0.0144292 0.457283 0.0281313 0.163834 0.5765
0 0.434023 0.435267 0.0351836 0.106091 0.530289
0 0.770985 0.427784 0.0261814 0.217995 0.513035
26 0.148273 0.506594 0.0244437 0.0839981 0.496369
0 0.342435 0.402346 0.0289244 0.117663 0.444646
0 0.514986 0.404571 0.0295373 0.109844 0.427192
26 0.148563 0.481171 0.0254928 0.132939 0.421716
26 0.461926 0.484309 0.0453494 0.143308 0.406231
0 0.326137 0.448313 0.0512169 0.131784 0.346043
26 0.461277 0.517384 0.0450533 0.0741421 0.340421
0 0.468521 0.379348 0.0210184 0.0829903 0.322355
0 0.341853 0.385746 0.0287541 0.0837936 0.262004
