0 0.568047 0.549822 0.0781813 0.412175 0.891959
0 0.485143 0.555505 0.0877819 0.418945 0.874173
0 0.904666 0.441883 0.0578625 0.253977 0.847929
0 0.970604 0.440967 0.0527271 0.247581 0.800066
0 0.126713 0.520995 0.064615 0.325491 0.791278
0 0.791565 0.424197 0.0416673 0.235904 0.77898
0 0.374419 0.473857 0.0590917 0.158947 0.757002
0 0.0555237 0.436221 0.0404937 0.197972 0.739945
0 0.0962709 0.473103 0.0378281 0.237066 0.707787
0 0.70411 0.42432 0.0441912 0.209682 0.705557
0 0.745073 0.428606 0.0324953 0.215719 0.635087
0 0.0137656 0.458014 0.0274693 0.165443 0.633259
0 0.434462 0.435186 0.0359177 0.10577 0.57361
0 0.771713 0.427476 0.0269775 0.218428 0.549509
26 0.147844 0.507096 0.0249946 0.0842727 0.535993
0 0.342436 0.40195 0.0289118 0.116863 0.45176
26 0.148339 0.482687 0.0262156 0.13116 0.451071
26 0.464 0.485311 0.0474769 0.147375 0.431248
0 0.326721 0.447949 0.0520464 0.132641 0.429552
0 0.513299 0.400569 0.0247795 0.105379 0.410717
0 0.468933 0.380234 0.0215109 0.0854279 0.396935
0 0.341688 0.386529 0.0285237 0.0855031 0.265491
