0 0.570601 0.549941 0.0770267 0.416217 0.896911
0 0.486525 0.558286 0.0877193 0.412837 0.865853
0 0.905559 0.440607 0.0583912 0.255081 0.859037
0 0.973204 0.441009 0.0515541 0.245251 0.799224
0 0.126658 0.521517 0.0647456 0.323987 0.799007
0 0.791444 0.423705 0.0431195 0.233969 0.784597
0 0.374525 0.473754 0.0591891 0.158932 0.760927
0 0.0935567 0.472949 0.038885 0.238988 0.70977
0 0.013293 0.459276 0.0265668 0.16221 0.701934
0 0.0546091 0.438212 0.0393085 0.19786 0.695168
0 0.742059 0.424606 0.0360042 0.204776 0.658741
0 0.702726 0.42481 0.0430875 0.207653 0.621837
0 0.43511 0.435018 0.0366032 0.106542 0.533928
0 0.770669 0.427432 0.0278496 0.21161 0.522162
26 0.147707 0.505679 0.0236373 0.0868344 0.507227
26 0.465917 0.489251 0.0490822 0.14581 0.451409
0 0.470098 0.380082 0.0240141 0.0858944 0.411296
26 0.147725 0.48384 0.024826 0.131305 0.400249
0 0.326794 0.44801 0.0518117 0.132576 0.378864
0 0.34226 0.400852 0.0288348 0.118171 0.352592
0 0.51238 0.39559 0.0221205 0.092529 0.350709
36 0.719488 0.536206 0.0731634 0.02941 0.302806
