0 0.572247 0.550483 0.0782043 0.417098 0.882239
0 0.488053 0.558496 0.0866588 0.411913 0.870543
0 0.907083 0.440644 0.0594902 0.254572 0.861026
0 0.974871 0.441505 0.048674 0.246514 0.798282
0 0.791613 0.423343 0.0432578 0.236389 0.798039
0 0.125728 0.521999 0.0642173 0.322568 0.795044
0 0.374492 0.473678 0.0591063 0.159197 0.771109
0 0.0129846 0.459627 0.0258129 0.161998 0.722614
0 0.0545369 0.437208 0.0395413 0.193633 0.688274
0 0.741641 0.42498 0.0344997 0.20528 0.678053
0 0.702236 0.425062 0.0430031 0.210664 0.665391
0 0.0906132 0.47103 0.0390969 0.240098 0.647768
0 0.43511 0.434303 0.0361853 0.104259 0.54132
0 0.770449 0.424785 0.0292391 0.215117 0.513146
26 0.146939 0.506396 0.0243686 0.0836551 0.457503
26 0.146817 0.484 0.0256422 0.129977 0.433964
0 0.470555 0.380511 0.0243263 0.088227 0.405897
0 0.326769 0.447935 0.0516299 0.132746 0.383111
26 0.466204 0.496097 0.0485889 0.136601 0.380056
0 0.511919 0.392125 0.020489 0.0868591 0.365586
0 0.3424 0.399939 0.0294868 0.117231 0.279258
