0 0.57429 0.551963 0.0776861 0.418284 0.892392
0 0.489225 0.560454 0.0861441 0.415395 0.87408
0 0.908369 0.438574 0.0579594 0.260012 0.865728
0 0.976088 0.44163 0.0468111 0.246087 0.83305
0 0.125248 0.521793 0.0661787 0.323592 0.816782
0 0.791803 0.422403 0.0436043 0.238969 0.806414
0 0.374424 0.473734 0.0589326 0.159327 0.770964
0 0.0871559 0.469592 0.0399579 0.239352 0.732906
0 0.0128434 0.459027 0.0255388 0.161134 0.711098
0 0.740887 0.428116 0.0353195 0.21162 0.706615
0 0.0543911 0.437444 0.0388338 0.196244 0.682419
0 0.701652 0.426257 0.0404329 0.213941 0.658771
0 0.436081 0.434761 0.0377854 0.105209 0.547203
0 0.769807 0.421781 0.0311597 0.208998 0.524034
0 0.471183 0.383264 0.0252192 0.095294 0.48086
26 0.467157 0.495995 0.0473318 0.141446 0.466574
26 0.14617 0.504171 0.0257661 0.0917822 0.449587
0 0.326994 0.447837 0.052611 0.133191 0.443374
26 0.145983 0.484448 0.0269318 0.132348 0.395506
0 0.342312 0.398507 0.0284106 0.116289 0.349569
0 0.512211 0.393034 0.0186386 0.086922 0.344217
26 0.738973 0.391491 0.0303053 0.068507 0.316519
24 0.982094 0.406525 0.0339882 0.0844876 0.303586
56 0.383463 0.511292 0.0400321 0.0861374 0.280602
0 0.340822 0.384236 0.0259883 0.0872257 0.254707
