0 0.576452 0.554808 0.0794394 0.41656 0.89325
0 0.490505 0.560396 0.0863336 0.416004 0.86895
0 0.909471 0.438452 0.0562572 0.258914 0.8639
0 0.976917 0.441162 0.0452127 0.246823 0.841807
0 0.124646 0.522343 0.0670781 0.322905 0.81495
0 0.792724 0.422403 0.0427043 0.242022 0.805323
0 0.374343 0.473567 0.0589014 0.159575 0.772678
0 0.0860072 0.470714 0.0388193 0.240116 0.749478
0 0.0129858 0.458842 0.0257624 0.164787 0.711067
0 0.740337 0.42781 0.0352642 0.208404 0.693142
0 0.703353 0.427424 0.0438375 0.206803 0.692521
0 0.0541687 0.437973 0.0395577 0.195106 0.652887
0 0.770168 0.425461 0.0319452 0.210347 0.560746
0 0.436238 0.434634 0.0380936 0.104953 0.556704
0 0.471654 0.382028 0.0258289 0.0945587 0.543074
26 0.145539 0.497574 0.0264021 0.100805 0.473672
0 0.326383 0.44824 0.0517233 0.132355 0.452317
0 0.343144 0.400825 0.0288767 0.121501 0.429214
26 0.73782 0.394544 0.0301254 0.0698217 0.384803
26 0.467693 0.495164 0.0462194 0.143409 0.345814
24 0.984718 0.40704 0.0292702 0.0841116 0.318984
56 0.383323 0.511726 0.0397672 0.0852963 0.285701
0 0.952366 0.44207 0.0269234 0.158828 0.26319
