0 0.578087 0.556027 0.0789096 0.416378 0.896077
0 0.490828 0.560865 0.0869053 0.41788 0.870528
0 0.91155 0.438409 0.0552204 0.257544 0.858267
0 0.977153 0.44086 0.0448339 0.247141 0.829022
0 0.123033 0.520114 0.069415 0.321775 0.8134
0 0.793425 0.423193 0.0431222 0.238112 0.79026
0 0.374254 0.473592 0.0589191 0.159654 0.748905
0 0.0842809 0.471724 0.0403419 0.238929 0.739327
0 0.0125574 0.457204 0.0248931 0.163808 0.695979
0 0.738583 0.428482 0.0360079 0.208388 0.687792
0 0.436533 0.434815 0.0390572 0.104831 0.573547
0 0.471957 0.381526 0.0263783 0.0961222 0.570531
0 0.70073 0.428727 0.0399747 0.209198 0.560505
0 0.769939 0.422486 0.0315823 0.20151 0.532923
0 0.0536292 0.439393 0.0403978 0.195307 0.483525
26 0.145096 0.483833 0.0280679 0.132421 0.46495
0 0.326265 0.448274 0.0515866 0.132391 0.437059
0 0.343535 0.400203 0.0291761 0.119792 0.399353
0 0.0468618 0.436724 0.0276027 0.190475 0.392896
26 0.468867 0.494254 0.0460354 0.144857 0.358613
26 0.736442 0.396623 0.0302141 0.0673038 0.311578
56 0.383252 0.511715 0.0396798 0.0852246 0.311333
0 0.162844 0.372212 0.0263323 0.0527993 0.256587
