0 0.579752 0.55593 0.0781265 0.413056 0.903246
0 0.492204 0.559867 0.0872419 0.42017 0.87011
0 0.91436 0.439026 0.0551119 0.257087 0.846425
0 0.124213 0.517418 0.0652945 0.319975 0.823424
0 0.794162 0.423157 0.0448764 0.236941 0.80852
0 0.978483 0.438582 0.0421886 0.246241 0.800837
0 0.37435 0.473371 0.0589199 0.15981 0.782678
0 0.0799317 0.470691 0.044601 0.240054 0.746332
0 0.736397 0.428419 0.0392089 0.211328 0.723745
0 0.0121919 0.455217 0.0241667 0.168339 0.657948
0 0.770152 0.424609 0.031605 0.205366 0.577467
0 0.343343 0.398734 0.0289719 0.119678 0.530405
0 0.436664 0.43449 0.039369 0.105272 0.529319
26 0.143667 0.481606 0.0298561 0.135126 0.49179
0 0.0434164 0.434841 0.0263455 0.18824 0.483213
0 0.472541 0.382022 0.0268019 0.0976627 0.477587
0 0.326106 0.448052 0.0511769 0.132433 0.456264
0 0.69888 0.429825 0.0411577 0.211629 0.404836
0 0.163459 0.371756 0.0274396 0.0534883 0.375626
26 0.470543 0.506777 0.0480842 0.120974 0.362261
56 0.383262 0.506585 0.0404864 0.095439 0.361797
0 0.0516985 0.439993 0.0415717 0.195457 0.295578
