0 0.581648 0.557917 0.0793268 0.415823 0.895556
0 0.493182 0.560051 0.086855 0.419984 0.867755
0 0.915807 0.438119 0.0547592 0.25887 0.837493
0 0.123117 0.516913 0.0662946 0.320077 0.837415
0 0.794851 0.422206 0.0465307 0.238799 0.823958
0 0.979563 0.438461 0.0400276 0.246426 0.80121
0 0.0768504 0.470904 0.045839 0.238795 0.77271
0 0.373874 0.473562 0.0597815 0.1604 0.758946
0 0.736676 0.428671 0.0398197 0.213317 0.709248
0 0.0119557 0.458037 0.0237456 0.161467 0.694166
0 0.770332 0.426019 0.0298006 0.204258 0.622042
0 0.436476 0.435049 0.0390868 0.105831 0.575481
0 0.472267 0.384238 0.0275078 0.100086 0.514099
0 0.343483 0.400041 0.0288024 0.120521 0.492715
0 0.0428947 0.433078 0.024988 0.186239 0.465472
0 0.700421 0.430266 0.0384752 0.212436 0.451847
0 0.325954 0.447935 0.0507977 0.132264 0.427441
26 0.143384 0.481382 0.0294522 0.132648 0.424903
0 0.163396 0.372162 0.0269806 0.0527162 0.410575
26 0.471356 0.511779 0.0487236 0.11045 0.396035
56 0.383253 0.508435 0.0402777 0.0917828 0.340916
26 0.143785 0.49534 0.0263867 0.102389 0.320573
