0 0.584742 0.560091 0.0797327 0.420734 0.884795
0 0.493895 0.559206 0.088716 0.422109 0.883543
0 0.123209 0.515611 0.0671211 0.322144 0.835749
0 0.79466 0.423522 0.0504264 0.23625 0.822471
0 0.373917 0.473555 0.0597076 0.16036 0.772104
0 0.979683 0.437044 0.0396912 0.247469 0.763372
0 0.0723561 0.470996 0.0524743 0.240372 0.763084
0 0.921161 0.438954 0.0564625 0.258546 0.736129
0 0.0115828 0.459502 0.023058 0.156494 0.709019
0 0.733137 0.426017 0.0380285 0.209978 0.675669
0 0.771442 0.426137 0.0294781 0.193069 0.611236
0 0.471421 0.384697 0.0294806 0.100788 0.610617
0 0.437606 0.435246 0.0410994 0.105955 0.545187
0 0.698115 0.425118 0.0371063 0.20474 0.500635
0 0.0425907 0.431458 0.0262144 0.186694 0.492806
0 0.344067 0.402826 0.0289166 0.126138 0.488387
0 0.163697 0.372397 0.0266559 0.0530448 0.414547
26 0.731645 0.390889 0.0294348 0.0656904 0.405202
26 0.473183 0.489727 0.0489719 0.150113 0.367464
26 0.143537 0.481277 0.0290419 0.136056 0.349497
56 0.383267 0.508953 0.0401885 0.0907 0.330951
0 0.325726 0.447679 0.0499865 0.132087 0.304447
26 0.471832 0.518003 0.0465898 0.0916812 0.271439
0 0.0534561 0.439178 0.0374334 0.186699 0.25948
