0 0.478647 0.607447 0.167762 0.773 0.929557
0 0.794183 0.663767 0.174704 0.659047 0.91818
0 0.358678 0.512262 0.0792607 0.391982 0.878936
0 0.0441721 0.629555 0.0875678 0.720863 0.870895
0 0.231136 0.468071 0.0455029 0.223435 0.843978
26 0.540269 0.849036 0.0652805 0.248616 0.842443
0 0.87482 0.449355 0.0484756 0.243412 0.805406
26 0.398745 0.821211 0.0734416 0.221474 0.784021
0 0.907553 0.439275 0.0523327 0.261371 0.779156
0 0.980519 0.440214 0.0377388 0.248047 0.757971
0 0.181831 0.471111 0.0402994 0.221004 0.725963
0 0.706161 0.415245 0.037974 0.223274 0.681184
0 0.569915 0.424006 0.030415 0.171844 0.667405
26 0.849058 0.669919 0.0445442 0.362582 0.569405
0 0.603438 0.419831 0.0298161 0.201313 0.554059
26 0.0975398 0.841769 0.10948 0.312512 0.553266
24 0.483298 0.410418 0.0940452 0.116614 0.547346
0 0.0723471 0.461819 0.0467336 0.229249 0.518472
0 0.414759 0.491612 0.0511644 0.325283 0.454536
26 0.0762569 0.716129 0.152369 0.560936 0.444659
26 0.84699 0.731937 0.0398602 0.236239 0.378293
26 0.925791 0.432203 0.0282257 0.0902486 0.347887
0 0.952836 0.443994 0.0276386 0.151056 0.279857
0 0.0467201 0.392917 0.0237131 0.0949387 0.274359
