0 0.494898 0.557995 0.0904121 0.424509 0.889504
0 0.586537 0.5567 0.0786924 0.4247 0.882976
0 0.125155 0.515354 0.063983 0.322058 0.852195
0 0.92386 0.438836 0.056332 0.260145 0.826989
0 0.796334 0.424555 0.0486305 0.235841 0.816296
0 0.373909 0.473203 0.059691 0.160971 0.775887
0 0.0707047 0.471459 0.0546962 0.238811 0.764243
0 0.0124846 0.459115 0.0248061 0.157158 0.714836
0 0.980855 0.436844 0.0373367 0.253211 0.713601
0 0.729908 0.424904 0.0337532 0.205064 0.683296
0 0.771638 0.424716 0.0296955 0.193622 0.673261
0 0.43674 0.434896 0.0393882 0.106995 0.574582
0 0.471272 0.388083 0.032263 0.110525 0.570231
0 0.344055 0.401342 0.0296391 0.122655 0.49002
0 0.0416592 0.431293 0.0271377 0.181358 0.459098
0 0.164015 0.372829 0.0267259 0.0526574 0.449936
0 0.697826 0.424927 0.0365385 0.204233 0.41893
26 0.473404 0.488134 0.0482064 0.146938 0.375689
26 0.730672 0.391157 0.02764 0.0630444 0.373945
56 0.383314 0.508407 0.040197 0.0917808 0.33355
26 0.4726 0.516472 0.0490465 0.0931259 0.331065
26 0.143534 0.479655 0.0291494 0.131292 0.32364
0 0.326216 0.447752 0.0503028 0.132117 0.252401
