0 0.589483 0.555298 0.0786264 0.428061 0.882284
0 0.49664 0.557865 0.0900434 0.427212 0.877952
0 0.12526 0.515038 0.063639 0.321833 0.847303
0 0.926922 0.439474 0.0590164 0.259754 0.838678
0 0.797545 0.42603 0.0462482 0.234544 0.818835
0 0.37392 0.472982 0.05963 0.160957 0.772901
0 0.0125614 0.457992 0.0250161 0.159366 0.717212
0 0.0694192 0.471966 0.0562457 0.23954 0.716785
0 0.728328 0.424796 0.0339312 0.206306 0.705407
0 0.980858 0.436754 0.037215 0.247958 0.685731
0 0.77289 0.426872 0.0295959 0.198755 0.6824
0 0.471143 0.390081 0.0342449 0.112785 0.599601
0 0.344432 0.404636 0.0298866 0.125088 0.55534
0 0.436765 0.435179 0.0391714 0.106466 0.525915
26 0.476342 0.485353 0.0513269 0.154653 0.495003
0 0.688282 0.426483 0.0497224 0.211619 0.461301
0 0.164349 0.372598 0.0270174 0.0539651 0.457292
26 0.143774 0.480101 0.0289062 0.129693 0.384478
0 0.0402908 0.431671 0.0261612 0.181267 0.300463
56 0.383264 0.510103 0.04002 0.0879994 0.2856
26 0.73052 0.393963 0.026382 0.0575979 0.262979
0 0.326256 0.447822 0.0503341 0.132206 0.257631
0 0.332825 0.427251 0.0290888 0.0879885 0.255715
