0 0.592497 0.556534 0.0793667 0.428255 0.885393
0 0.498369 0.556096 0.0903002 0.429277 0.88077
0 0.125201 0.515194 0.0636485 0.321575 0.862643
0 0.799087 0.42676 0.0448354 0.234013 0.858749
0 0.929605 0.440665 0.0595871 0.258775 0.848981
0 0.0677952 0.472644 0.0573635 0.239401 0.821939
0 0.373904 0.472424 0.0597055 0.162367 0.774061
0 0.77388 0.42841 0.0297033 0.202563 0.736496
0 0.0114479 0.45576 0.0227652 0.162857 0.727619
0 0.72611 0.425416 0.033968 0.208876 0.714151
0 0.98351 0.436877 0.0319183 0.247236 0.642472
26 0.477172 0.48862 0.0538362 0.154511 0.608959
0 0.470141 0.391135 0.0364338 0.115062 0.596653
0 0.34482 0.403872 0.0298195 0.121367 0.555616
0 0.688464 0.423706 0.046025 0.205037 0.540441
0 0.437836 0.436233 0.0414868 0.108735 0.531869
0 0.164747 0.372424 0.027054 0.0549166 0.455552
0 0.975394 0.751671 0.0482458 0.467944 0.351536
0 0.0364469 0.431533 0.0214527 0.183373 0.342263
0 0.326815 0.447648 0.050979 0.132815 0.326433
0 0.69618 0.42282 0.0324434 0.208403 0.308151
56 0.383305 0.50989 0.039991 0.0885387 0.286897
26 0.728744 0.393137 0.028233 0.0571492 0.271731
