0 0.594514 0.556131 0.0798256 0.429966 0.88117
0 0.499731 0.556861 0.0892271 0.427962 0.872496
0 0.125026 0.515623 0.0643633 0.320926 0.869353
0 0.799329 0.425528 0.0456493 0.235669 0.852157
0 0.930958 0.441875 0.0557076 0.256662 0.850264
0 0.0672742 0.473708 0.0574368 0.237896 0.821915
0 0.37398 0.47065 0.0596716 0.166108 0.753631
0 0.774364 0.427633 0.0298669 0.20432 0.716153
0 0.0112127 0.455896 0.0222706 0.163703 0.706855
0 0.725876 0.427379 0.0332635 0.212876 0.679257
0 0.984205 0.43784 0.0305832 0.25043 0.642904
0 0.963907 0.758481 0.0710909 0.451386 0.54636
0 0.471033 0.391325 0.040322 0.112853 0.544159
0 0.345343 0.405797 0.0302084 0.124925 0.478113
26 0.477821 0.492663 0.0527616 0.146594 0.454017
0 0.440144 0.437667 0.0456413 0.112134 0.442998
0 0.689832 0.426071 0.0475892 0.214288 0.437286
0 0.164733 0.371968 0.0258571 0.0552624 0.391059
0 0.327106 0.448156 0.0514543 0.131817 0.327471
26 0.726821 0.392862 0.0298113 0.0566958 0.324088
56 0.383283 0.509383 0.0404008 0.0896164 0.304616
0 0.0354181 0.43259 0.0231836 0.182818 0.298587
26 0.47712 0.51701 0.0515255 0.0961544 0.278741
0 0.619144 0.371354 0.0273649 0.0792118 0.25069
