0 0.597173 0.554881 0.0805779 0.431158 0.887926
0 0.80151 0.42533 0.0429836 0.236944 0.873995
0 0.124967 0.516862 0.0644003 0.317816 0.866893
0 0.501372 0.559318 0.0885448 0.429274 0.853498
0 0.931509 0.440958 0.0527105 0.25755 0.849358
0 0.0666408 0.474264 0.0579966 0.236904 0.832022
0 0.374012 0.470881 0.0597215 0.165692 0.760292
0 0.775779 0.43001 0.0285295 0.211466 0.733491
0 0.0109793 0.456352 0.0217756 0.162701 0.712765
0 0.724249 0.425898 0.0353012 0.211437 0.682683
0 0.469999 0.396429 0.0389056 0.120893 0.612925
26 0.480007 0.492061 0.0511 0.150101 0.552308
0 0.953617 0.65326 0.0917549 0.667361 0.512014
0 0.345946 0.407899 0.0306227 0.128344 0.50484
0 0.440341 0.438935 0.0460156 0.113917 0.461618
0 0.164561 0.372296 0.023776 0.0541082 0.407637
0 0.691201 0.435654 0.0405514 0.229518 0.40109
0 0.32701 0.448264 0.0517282 0.131498 0.377353
0 0.985594 0.409283 0.0278606 0.195886 0.36403
56 0.383194 0.509501 0.0406752 0.0893119 0.276041
0 0.0339451 0.431882 0.0247032 0.182625 0.273641
58 0.16721 0.496417 0.0340138 0.0539819 0.26632
26 0.145184 0.493309 0.0250387 0.103285 0.254575
