0 0.599452 0.554058 0.0811537 0.428521 0.894906
0 0.125567 0.518315 0.0636658 0.315875 0.872398
0 0.802954 0.424137 0.0428937 0.234874 0.855093
0 0.502856 0.563486 0.0890571 0.425144 0.852814
0 0.065393 0.473767 0.0570414 0.239148 0.83079
0 0.932065 0.439468 0.0505472 0.258857 0.820869
0 0.374169 0.471604 0.0591986 0.16384 0.733804
0 0.777635 0.429755 0.0269567 0.210484 0.724351
0 0.940811 0.652283 0.117618 0.667869 0.689224
0 0.722416 0.426007 0.0358675 0.209531 0.688918
0 0.0100923 0.457184 0.0200015 0.164097 0.638244
26 0.481902 0.494086 0.0519548 0.151334 0.626323
0 0.468157 0.399468 0.0372761 0.129257 0.577852
0 0.347424 0.410656 0.0296306 0.132352 0.501234
0 0.0319316 0.432601 0.0296516 0.18118 0.414923
0 0.440009 0.457505 0.0453046 0.147651 0.366489
0 0.165082 0.372019 0.0231787 0.0536708 0.319914
0 0.690043 0.435908 0.0505701 0.234001 0.295902
0 0.437799 0.437116 0.0421669 0.1083 0.284671
56 0.38317 0.510218 0.0405944 0.0879219 0.270139
0 0.326009 0.44832 0.048712 0.131182 0.267552
58 0.1674 0.496617 0.0334971 0.0537636 0.252902
