0 0.600494 0.554768 0.0806835 0.429309 0.883043
0 0.125803 0.51786 0.0632191 0.314609 0.861194
0 0.504579 0.565144 0.0882938 0.425095 0.860928
0 0.931461 0.439661 0.049045 0.257924 0.843072
0 0.0650166 0.473371 0.0566716 0.241096 0.837959
0 0.804817 0.4243 0.0415165 0.235162 0.836213
0 0.932713 0.652379 0.133809 0.665912 0.828884
0 0.778564 0.431367 0.0261971 0.210875 0.730405
0 0.374089 0.472033 0.0591835 0.16266 0.728857
0 0.0101276 0.45776 0.0200877 0.162178 0.619351
0 0.467693 0.400072 0.0357565 0.12858 0.5517
26 0.483664 0.495309 0.0508302 0.151261 0.549238
0 0.721852 0.424158 0.0350924 0.206978 0.535816
0 0.34789 0.409081 0.0293823 0.128999 0.52728
0 0.0304992 0.430497 0.0298257 0.183313 0.473294
0 0.326298 0.448585 0.0500136 0.130808 0.380111
0 0.440014 0.457793 0.0453888 0.146411 0.372434
0 0.489791 0.383698 0.0238993 0.0905863 0.324721
0 0.165668 0.37177 0.024212 0.054056 0.306803
0 0.437928 0.437167 0.0425221 0.10738 0.302039
56 0.38317 0.510313 0.0404499 0.0878348 0.266722
58 0.167481 0.496703 0.033265 0.0533446 0.257706
