0 0.924598 0.65369 0.149964 0.66588 0.886109
0 0.602938 0.556402 0.0812906 0.433012 0.864985
0 0.506697 0.565937 0.0884454 0.423397 0.864387
0 0.126177 0.517679 0.0625549 0.315639 0.848957
0 0.0629054 0.473042 0.0515462 0.24216 0.846838
0 0.806465 0.4205 0.0418774 0.233204 0.832713
0 0.934827 0.436991 0.0472839 0.258053 0.765008
0 0.374085 0.471124 0.0592194 0.164469 0.743716
0 0.779664 0.430689 0.0279074 0.212751 0.707521
0 0.010521 0.452731 0.0209268 0.173272 0.632672
26 0.485422 0.498523 0.0506744 0.149658 0.59673
0 0.467325 0.398104 0.0363349 0.126493 0.56233
0 0.348343 0.407734 0.0290267 0.131958 0.549141
0 0.0281092 0.430562 0.0251146 0.177739 0.435617
0 0.718766 0.427012 0.0349321 0.211608 0.433193
0 0.490251 0.390868 0.0268183 0.0823134 0.40004
26 0.718431 0.392776 0.0306532 0.0679681 0.399313
0 0.438025 0.436273 0.0427259 0.106866 0.370357
0 0.325982 0.449127 0.0494174 0.129844 0.326857
26 0.089775 0.50028 0.0283388 0.0554748 0.31192
0 0.166478 0.371625 0.0249353 0.0531189 0.306402
56 0.383216 0.510257 0.040372 0.0880646 0.294714
0 0.439269 0.456014 0.0436635 0.146499 0.290859
26 0.0896596 0.487451 0.0288944 0.0808506 0.284152
26 0.14738 0.502902 0.0215412 0.085021 0.271055
