0 0.920191 0.650905 0.158706 0.672298 0.911337
0 0.604577 0.55788 0.0815912 0.435257 0.862624
0 0.509081 0.568332 0.0884454 0.425603 0.86207
0 0.0620352 0.471325 0.050114 0.245816 0.847346
0 0.80728 0.420713 0.0424044 0.232685 0.840624
0 0.126707 0.517387 0.0623525 0.314449 0.836628
0 0.374128 0.47095 0.059343 0.164519 0.742793
0 0.936429 0.437018 0.0472105 0.258425 0.716886
0 0.780515 0.43078 0.0280119 0.211388 0.68747
26 0.48778 0.501394 0.0519133 0.153527 0.657392
0 0.0101228 0.453422 0.0201073 0.170569 0.641311
0 0.348397 0.409868 0.0302089 0.136422 0.497179
0 0.466319 0.404749 0.0349026 0.129623 0.462478
0 0.0262626 0.430867 0.0237509 0.176201 0.410192
26 0.718283 0.393153 0.0291851 0.0669656 0.409007
0 0.490619 0.394735 0.0272949 0.0857847 0.38602
26 0.0892505 0.488425 0.0290829 0.081528 0.360805
0 0.716186 0.425839 0.0371674 0.208868 0.335557
0 0.326452 0.449356 0.0501153 0.129453 0.325465
26 0.0892292 0.502532 0.0281886 0.0536431 0.324566
0 0.441773 0.461294 0.0485311 0.156451 0.306845
0 0.438287 0.436816 0.0432285 0.107451 0.294586
0 0.166104 0.371462 0.0251919 0.0537582 0.275918
56 0.382997 0.511026 0.0405135 0.0876616 0.273343
