0 0.916829 0.650667 0.165456 0.674101 0.912605
0 0.605803 0.559829 0.0828751 0.438405 0.869954
0 0.511296 0.569257 0.0880232 0.427626 0.857474
0 0.127806 0.517954 0.0615374 0.312928 0.851449
0 0.808414 0.420339 0.0429623 0.233545 0.850736
0 0.059291 0.470567 0.0475677 0.246317 0.850685
0 0.374401 0.472033 0.0593427 0.161004 0.74373
0 0.780936 0.431605 0.0264738 0.210088 0.690344
0 0.0096136 0.454468 0.0191537 0.167503 0.685566
0 0.9369 0.395002 0.0452686 0.180819 0.616587
26 0.488929 0.501907 0.0512024 0.151261 0.60868
0 0.349037 0.410872 0.0306462 0.139873 0.507997
0 0.0256057 0.431069 0.0231795 0.178027 0.447611
0 0.442374 0.461422 0.0491899 0.15652 0.406606
26 0.717499 0.390199 0.0282782 0.0761676 0.395271
0 0.490473 0.399947 0.031309 0.0963743 0.367478
0 0.569494 0.423306 0.0291574 0.157451 0.354902
0 0.4663 0.403918 0.0359566 0.126707 0.350887
0 0.71245 0.425108 0.0424702 0.210958 0.310945
0 0.165293 0.371939 0.0255916 0.0550071 0.291766
56 0.383243 0.510711 0.0403296 0.0863213 0.284175
58 0.168918 0.496354 0.0307428 0.0531307 0.265939
