0 0.789696 0.66448 0.174015 0.656096 0.92603
0 0.483899 0.606219 0.172874 0.770593 0.925072
0 0.35961 0.510639 0.0807478 0.392971 0.899514
26 0.545681 0.852841 0.0654219 0.253428 0.847362
26 0.404034 0.828133 0.0739607 0.215275 0.831202
0 0.232363 0.469276 0.0459688 0.222652 0.82812
0 0.909886 0.440522 0.0538109 0.264535 0.810411
0 0.879183 0.448981 0.0587353 0.244137 0.806704
0 0.979555 0.440553 0.0390984 0.248328 0.740389
0 0.179551 0.470407 0.0444913 0.220619 0.717662
0 0.0405184 0.654537 0.0802798 0.674087 0.692121
0 0.70728 0.415691 0.0376572 0.221391 0.667907
0 0.415483 0.499716 0.0543907 0.338174 0.65181
0 0.57095 0.423589 0.0312166 0.171961 0.637883
0 0.604359 0.41882 0.031019 0.205171 0.634216
0 0.0715401 0.467711 0.0493139 0.239093 0.618393
24 0.489396 0.418817 0.0979927 0.129787 0.584998
26 0.838027 0.669237 0.0375387 0.353149 0.518789
24 0.0201883 0.501082 0.0399937 0.123398 0.360492
26 0.0810826 0.92959 0.0980268 0.135442 0.357174
0 0.95264 0.444552 0.0282309 0.156088 0.306728
26 0.0846893 0.839704 0.112437 0.312872 0.306269
0 0.860496 0.412018 0.0256027 0.178143 0.293855
0 0.64185 0.354471 0.0435556 0.0971474 0.283468
24 0.169645 0.433034 0.0258557 0.0787081 0.280884
24 0.491539 0.448057 0.106761 0.177739 0.278445
0 0.534347 0.363135 0.0200229 0.0643458 0.271687
