0 0.912927 0.526149 0.173281 0.923007 0.920699
0 0.607499 0.561925 0.0825129 0.437522 0.877333
0 0.809457 0.420434 0.0423035 0.233878 0.864128
0 0.0572144 0.471995 0.0442147 0.24413 0.854509
0 0.128969 0.517035 0.0607078 0.311994 0.84813
0 0.514916 0.573932 0.0877394 0.424263 0.846382
0 0.37441 0.472111 0.0592981 0.160391 0.736831
0 0.00960425 0.454518 0.019171 0.167724 0.684099
0 0.78247 0.432316 0.0273421 0.209194 0.677497
26 0.492695 0.499604 0.0538221 0.156886 0.61006
0 0.939527 0.380319 0.0470383 0.154225 0.595046
0 0.568963 0.428293 0.0284523 0.161655 0.585618
0 0.0252068 0.429937 0.023775 0.178554 0.517593
0 0.349786 0.40882 0.0301393 0.137846 0.497992
0 0.713661 0.425019 0.0359467 0.211759 0.47018
0 0.466762 0.402924 0.0372227 0.130648 0.414722
0 0.489547 0.40256 0.0349202 0.0974413 0.38614
0 0.487144 0.417362 0.0400221 0.12982 0.340041
0 0.442485 0.461154 0.0496597 0.158073 0.339479
26 0.715954 0.397075 0.0267801 0.063564 0.333429
0 0.164228 0.372269 0.0277133 0.0552055 0.282311
56 0.383372 0.510435 0.0402315 0.0867584 0.277538
0 0.438653 0.437287 0.0431845 0.108519 0.257613
