0 0.911362 0.52081 0.176326 0.933286 0.937661
0 0.609006 0.562543 0.0830165 0.43588 0.872464
0 0.129951 0.515381 0.0607929 0.308744 0.868419
0 0.809603 0.420374 0.0424524 0.234026 0.865507
0 0.517728 0.572144 0.0869811 0.429279 0.852831
0 0.0546605 0.474059 0.044359 0.24168 0.824814
0 0.374413 0.472452 0.0591161 0.160025 0.741481
0 0.00965294 0.453374 0.0193059 0.168894 0.671415
0 0.782865 0.432517 0.0267131 0.208822 0.66676
0 0.5677 0.429071 0.0284605 0.160525 0.613443
0 0.713244 0.426779 0.0360086 0.207027 0.545707
26 0.495108 0.497427 0.0520668 0.156606 0.51951
0 0.443439 0.463439 0.0504833 0.157306 0.51705
0 0.942477 0.370825 0.042753 0.135073 0.493956
0 0.0249404 0.430264 0.0247847 0.179332 0.479349
0 0.349975 0.408998 0.0295863 0.138442 0.466228
0 0.466584 0.409898 0.0369256 0.143755 0.428684
0 0.487012 0.419306 0.0397547 0.136382 0.387157
56 0.383307 0.50868 0.0406115 0.0903101 0.297547
0 0.163915 0.372011 0.0274185 0.0547841 0.268778
