0 0.910387 0.51951 0.178182 0.934135 0.941403
0 0.611619 0.566257 0.0826726 0.436205 0.881229
0 0.520798 0.570484 0.0895735 0.432313 0.871731
0 0.130573 0.513184 0.0614531 0.307669 0.862187
0 0.810136 0.420612 0.0414288 0.234667 0.815004
0 0.0518217 0.473343 0.043721 0.242397 0.799818
0 0.37433 0.472873 0.0591712 0.159127 0.762682
0 0.711787 0.426111 0.0381277 0.205407 0.651193
0 0.783925 0.434283 0.0258205 0.205911 0.65021
0 0.00963952 0.450167 0.019279 0.171531 0.608406
0 0.943882 0.35638 0.0448921 0.106135 0.58272
0 0.444414 0.465199 0.0501852 0.156249 0.555364
0 0.350576 0.407918 0.0292029 0.135963 0.54008
26 0.496537 0.49276 0.0484573 0.155044 0.475437
0 0.467453 0.411132 0.0387711 0.152463 0.429077
0 0.566719 0.424524 0.0280415 0.159813 0.401445
0 0.490355 0.407454 0.0321869 0.112713 0.370332
0 0.0240486 0.428859 0.0292229 0.1781 0.369528
56 0.3834 0.506861 0.0406212 0.0941155 0.352881
0 0.324929 0.448738 0.0472075 0.130809 0.277833
0 0.487644 0.420138 0.0391579 0.141547 0.275006
