0 0.91074 0.516275 0.177444 0.938088 0.942728
0 0.61315 0.566107 0.083481 0.43741 0.873959
0 0.52372 0.569004 0.0898073 0.435817 0.869397
0 0.131055 0.51207 0.061433 0.307819 0.855605
0 0.810634 0.42158 0.040148 0.232059 0.816286
0 0.0508485 0.474949 0.0434056 0.241895 0.77575
0 0.374349 0.472655 0.0590077 0.159332 0.757746
0 0.784414 0.432115 0.0266971 0.208097 0.675944
0 0.711116 0.426177 0.0402716 0.206662 0.62175
0 0.00986346 0.456277 0.0197269 0.159318 0.609734
0 0.444277 0.463462 0.0527145 0.155578 0.552567
0 0.945282 0.344626 0.0387852 0.0798293 0.552543
0 0.35156 0.408444 0.0286066 0.134421 0.517075
26 0.499645 0.493133 0.049759 0.156455 0.445195
0 0.467789 0.410228 0.0395988 0.153836 0.429643
0 0.565951 0.407446 0.0280653 0.127745 0.425327
0 0.490304 0.406219 0.0306087 0.112306 0.39505
56 0.383441 0.508308 0.0405165 0.0911118 0.338055
0 0.325253 0.44855 0.0478148 0.131173 0.268992
