0 0.910823 0.514245 0.177217 0.943182 0.940444
0 0.524695 0.568253 0.0925405 0.436627 0.883796
0 0.614082 0.566696 0.0831448 0.438768 0.866397
0 0.131313 0.511544 0.0620462 0.308976 0.859387
0 0.810833 0.421656 0.0398754 0.231277 0.820547
0 0.0489492 0.475213 0.0436274 0.240334 0.771824
0 0.374411 0.472634 0.0590409 0.159677 0.757574
0 0.785759 0.431612 0.0273521 0.207255 0.69571
0 0.44474 0.465659 0.0542192 0.157435 0.59471
0 0.00929551 0.458106 0.018591 0.155269 0.591778
0 0.710097 0.425323 0.0395771 0.206367 0.576845
26 0.50175 0.491356 0.0503131 0.159064 0.489046
0 0.351602 0.408226 0.0273479 0.132854 0.481505
0 0.946736 0.335359 0.0347126 0.0608075 0.457969
0 0.566395 0.407591 0.0258542 0.130555 0.444712
0 0.489617 0.413476 0.031097 0.129222 0.411495
0 0.325802 0.448578 0.0494823 0.131572 0.394017
56 0.383421 0.508389 0.0406024 0.0909661 0.345449
