0 0.911146 0.512069 0.176191 0.947572 0.938182
0 0.528067 0.566037 0.0969604 0.441788 0.872898
0 0.131762 0.510929 0.0626999 0.309754 0.866224
0 0.616379 0.565289 0.0835142 0.439664 0.85805
0 0.811152 0.421251 0.039872 0.229989 0.844848
0 0.0479535 0.47396 0.0422543 0.243713 0.768154
0 0.374439 0.473092 0.0590313 0.158509 0.761408
0 0.786456 0.431103 0.0266132 0.20492 0.733677
0 0.00926745 0.451816 0.0185349 0.168613 0.634189
26 0.50314 0.493627 0.0518137 0.152455 0.630772
0 0.445938 0.46434 0.0562613 0.157812 0.605201
0 0.707179 0.425457 0.0351913 0.208195 0.56424
0 0.352149 0.413119 0.0284805 0.143335 0.516029
0 0.0696997 0.44152 0.0325963 0.209089 0.482248
0 0.565156 0.404331 0.0244799 0.127182 0.472302
0 0.488992 0.418317 0.0309273 0.140353 0.467428
56 0.383381 0.510237 0.0405389 0.086964 0.309746
0 0.473076 0.411988 0.0285603 0.151212 0.255875
