0 0.91113 0.508789 0.176303 0.954096 0.935579
0 0.618012 0.564944 0.0826775 0.442846 0.881517
0 0.53116 0.564684 0.0972284 0.442726 0.875075
0 0.132039 0.510985 0.063001 0.309967 0.852699
0 0.811669 0.421479 0.0390188 0.22851 0.835743
0 0.0468513 0.473787 0.0433644 0.245582 0.801888
0 0.374498 0.473202 0.0590528 0.158277 0.775029
0 0.786999 0.429735 0.02651 0.203533 0.675778
0 0.00907202 0.452477 0.018144 0.166833 0.629023
0 0.705438 0.423463 0.030895 0.206758 0.627648
0 0.446685 0.464729 0.0575739 0.158075 0.626648
0 0.487468 0.424408 0.0340303 0.151918 0.535497
0 0.0697059 0.441065 0.0343721 0.20704 0.525706
26 0.50478 0.492566 0.0527424 0.15094 0.498324
0 0.352434 0.414016 0.0279677 0.143094 0.489623
0 0.564834 0.404367 0.024962 0.128411 0.427334
56 0.383401 0.508816 0.0406739 0.0897508 0.339606
0 0.456857 0.407615 0.0193447 0.119744 0.284059
