0 0.910878 0.507435 0.176776 0.950363 0.933674
0 0.619494 0.565132 0.0827176 0.44467 0.891162
0 0.535129 0.564848 0.102185 0.445486 0.847737
0 0.13285 0.51081 0.0633605 0.311503 0.847697
0 0.0437614 0.473442 0.0452226 0.242126 0.831629
0 0.812121 0.421673 0.0381447 0.227171 0.806463
0 0.374444 0.473215 0.0590761 0.15808 0.783254
26 0.507801 0.492478 0.0527448 0.152126 0.693838
0 0.0724576 0.440978 0.0427451 0.207828 0.66788
0 0.00897645 0.451251 0.0179529 0.167616 0.662297
0 0.446672 0.464501 0.0577671 0.159218 0.637818
0 0.788871 0.427409 0.0260642 0.204346 0.635228
0 0.564185 0.395414 0.0252485 0.109754 0.578937
0 0.487173 0.433167 0.0316206 0.160064 0.578573
0 0.703517 0.423122 0.0321235 0.207539 0.537956
0 0.351776 0.412234 0.0262682 0.133157 0.486199
0 0.324726 0.448713 0.0472082 0.131021 0.370927
56 0.383347 0.508393 0.0405724 0.0903613 0.350176
26 0.152545 0.473892 0.0216743 0.126131 0.273464
0 0.0203438 0.432015 0.0237093 0.177699 0.26596
