0 0.910128 0.509372 0.177939 0.952561 0.94243
0 0.620807 0.563679 0.0842752 0.447515 0.86144
0 0.132789 0.510894 0.0628852 0.310672 0.854008
0 0.534374 0.566983 0.0973284 0.449882 0.844736
0 0.0412792 0.474472 0.0447452 0.240546 0.843931
0 0.812122 0.421902 0.0381586 0.227788 0.801446
0 0.374499 0.4732 0.0591485 0.158341 0.787253
0 0.0732963 0.440771 0.044102 0.207106 0.704595
0 0.00910388 0.45131 0.0182078 0.168902 0.663171
0 0.447612 0.464803 0.059702 0.159276 0.647312
0 0.79025 0.427176 0.0246147 0.201819 0.6142
26 0.509455 0.492652 0.0517145 0.152811 0.59662
0 0.486294 0.434023 0.031567 0.160613 0.562804
0 0.564063 0.392439 0.0253157 0.104948 0.517295
0 0.352143 0.41338 0.0267293 0.136334 0.44078
0 0.324912 0.448717 0.0473404 0.13075 0.353794
56 0.383312 0.510286 0.0406643 0.0868067 0.281342
0 0.703305 0.423175 0.0302769 0.20369 0.262228
26 0.152569 0.473845 0.0216753 0.125918 0.250953
