0 0.909181 0.509422 0.179804 0.951644 0.942658
0 0.620704 0.562343 0.0871953 0.447421 0.883698
0 0.0404321 0.475219 0.0432151 0.241668 0.853103
0 0.53384 0.56872 0.0925682 0.448959 0.850891
0 0.13275 0.510956 0.0627831 0.310684 0.84439
0 0.811439 0.421766 0.0397401 0.22906 0.800106
0 0.374385 0.473194 0.0593547 0.158335 0.792998
0 0.0734307 0.441314 0.0461099 0.206992 0.752118
0 0.447826 0.464909 0.0601761 0.158311 0.65558
0 0.48652 0.433584 0.0290823 0.161288 0.57837
0 0.00941852 0.450563 0.018837 0.170014 0.576163
0 0.564343 0.393097 0.0231745 0.106945 0.505121
0 0.353901 0.413443 0.0294858 0.138954 0.503029
0 0.791115 0.428656 0.0237527 0.198534 0.500757
26 0.511801 0.49577 0.051165 0.151029 0.497287
0 0.324955 0.448953 0.0473178 0.130198 0.324526
56 0.383279 0.510523 0.0406233 0.0864897 0.294621
26 0.152586 0.478128 0.0215867 0.116787 0.270973
