0 0.4888 0.607617 0.174512 0.768605 0.932737
0 0.785933 0.663613 0.172589 0.658765 0.919133
0 0.358966 0.510106 0.0796535 0.394149 0.896783
26 0.549949 0.858532 0.0668352 0.253165 0.842136
0 0.233043 0.469094 0.0458087 0.223019 0.836246
26 0.407488 0.835967 0.0731358 0.215015 0.832071
0 0.912677 0.439737 0.0543787 0.263939 0.818684
0 0.878626 0.448821 0.0578764 0.243527 0.794133
0 0.0389378 0.685715 0.0773323 0.607098 0.747291
0 0.979082 0.440139 0.039719 0.247313 0.744041
0 0.181958 0.470812 0.0417685 0.220962 0.695054
0 0.417833 0.504224 0.0579357 0.345694 0.693443
0 0.709647 0.417425 0.0427505 0.220416 0.667519
0 0.571578 0.423244 0.0314457 0.172733 0.640762
24 0.493642 0.437833 0.0992772 0.159931 0.634721
0 0.072755 0.467837 0.0475832 0.238662 0.596427
26 0.833769 0.666813 0.0395081 0.350211 0.589221
0 0.605442 0.415827 0.0342667 0.200075 0.572276
26 0.0666012 0.704858 0.132803 0.565816 0.401959
24 0.0184535 0.529005 0.0366375 0.185054 0.39116
26 0.928165 0.426253 0.0287985 0.105817 0.384644
24 0.169355 0.431494 0.0248062 0.0759955 0.379568
0 0.860308 0.420872 0.0260853 0.199984 0.337266
0 0.535405 0.362585 0.0199597 0.0622793 0.336605
26 0.0771618 0.842292 0.114651 0.304956 0.334757
0 0.641852 0.354966 0.0416834 0.0967872 0.294424
58 0.27249 0.436255 0.0630745 0.199082 0.271621
