0 0.907685 0.512961 0.182997 0.943298 0.947746
0 0.623571 0.563548 0.0849882 0.450086 0.86396
0 0.0388347 0.476935 0.0426718 0.244439 0.854279
0 0.534564 0.569581 0.0920335 0.450032 0.846081
0 0.132916 0.510841 0.0622524 0.309231 0.842304
0 0.0741322 0.440293 0.0452244 0.203701 0.803516
0 0.811426 0.42083 0.0394258 0.23192 0.798636
0 0.374349 0.47313 0.0594996 0.158371 0.794739
0 0.448196 0.464585 0.0604994 0.158647 0.63815
0 0.354054 0.410605 0.0297699 0.134969 0.605063
0 0.794663 0.430057 0.0264254 0.200719 0.597565
0 0.483967 0.430076 0.0347553 0.169456 0.572996
0 0.00982072 0.448489 0.0196414 0.175487 0.56557
26 0.514686 0.501551 0.0524397 0.148593 0.511221
0 0.565388 0.397618 0.0225824 0.114595 0.372573
0 0.325203 0.449233 0.0480592 0.129587 0.370399
26 0.15233 0.474782 0.0214816 0.124347 0.336261
56 0.383196 0.509669 0.0409512 0.0881734 0.315313
26 0.1534 0.49699 0.0208009 0.0785311 0.293015
26 0.0926022 0.509786 0.0260087 0.0332616 0.289145
