0 0.906648 0.514968 0.185207 0.938345 0.946656
0 0.626088 0.564112 0.0842466 0.450915 0.873544
0 0.0379105 0.476869 0.0434356 0.246474 0.857437
0 0.536622 0.571713 0.0930402 0.448434 0.841201
0 0.133092 0.510898 0.0615131 0.307754 0.831387
0 0.810148 0.420057 0.0424419 0.231413 0.812558
0 0.0735302 0.439964 0.0466873 0.203324 0.796126
0 0.374364 0.473063 0.0594355 0.158637 0.776412
0 0.353749 0.419864 0.0309013 0.156176 0.643564
0 0.0100815 0.447313 0.0201631 0.17784 0.60464
0 0.44781 0.4666 0.0599537 0.154645 0.60224
0 0.483583 0.43314 0.0309713 0.162329 0.571206
26 0.516752 0.503923 0.0528232 0.150286 0.538146
0 0.794551 0.430531 0.028278 0.198727 0.499221
26 0.152191 0.480352 0.0207726 0.113997 0.397255
26 0.153109 0.497373 0.0202078 0.0794016 0.35755
0 0.172962 0.371059 0.0212466 0.0520187 0.28546
26 0.0929578 0.509039 0.0260969 0.0348989 0.282176
0 0.564697 0.387771 0.022345 0.095976 0.280783
0 0.325534 0.445834 0.0447501 0.120037 0.279383
56 0.383134 0.511803 0.040315 0.0838859 0.263433
