0 0.901912 0.516705 0.195031 0.935625 0.941269
0 0.62949 0.566154 0.0851759 0.452641 0.888219
0 0.0368324 0.477681 0.0430385 0.24554 0.857248
0 0.540795 0.575497 0.0915865 0.450996 0.853104
0 0.132898 0.511319 0.0611008 0.306471 0.836461
0 0.0726049 0.44235 0.0494668 0.205188 0.808645
0 0.37435 0.473098 0.0593326 0.158524 0.790418
0 0.808842 0.42026 0.0478998 0.22966 0.777975
0 0.481194 0.430444 0.0320637 0.167005 0.682778
0 0.353819 0.420775 0.0309724 0.159102 0.675283
0 0.447703 0.465899 0.0592501 0.155256 0.615731
0 0.00964488 0.448686 0.0192898 0.175153 0.534873
26 0.519104 0.505436 0.0512775 0.149886 0.498969
26 0.151959 0.489912 0.0211231 0.0923345 0.375277
26 0.0936326 0.507691 0.0265372 0.0409534 0.363356
0 0.79485 0.430962 0.0253696 0.203575 0.327493
0 0.172651 0.370585 0.0216089 0.0525144 0.318216
26 0.0937564 0.489216 0.0286257 0.0789078 0.300055
0 0.325282 0.441284 0.0429367 0.112014 0.279753
26 0.519252 0.528701 0.051298 0.10427 0.257579
56 0.383122 0.511791 0.0402576 0.0837229 0.250592
