0 0.898524 0.52049 0.201842 0.930433 0.94311
0 0.630247 0.568319 0.0877537 0.454526 0.880433
0 0.0357461 0.477972 0.043964 0.244742 0.845158
0 0.132826 0.511752 0.0604435 0.304579 0.840218
0 0.541933 0.575656 0.0913981 0.454471 0.831144
0 0.0730971 0.444459 0.0490962 0.207503 0.819483
0 0.37431 0.473067 0.0592157 0.158447 0.78269
0 0.807687 0.419101 0.0473663 0.228724 0.731613
0 0.481341 0.431645 0.0301025 0.164394 0.715311
0 0.354184 0.421605 0.0310349 0.161321 0.688537
0 0.446737 0.467219 0.057551 0.154428 0.590263
26 0.520514 0.507781 0.0518993 0.150977 0.466842
0 0.00959396 0.447434 0.0191879 0.17853 0.392691
0 0.79495 0.428856 0.0241337 0.206445 0.388023
26 0.0937718 0.490302 0.0283845 0.0769663 0.374826
26 0.0938328 0.507691 0.0256501 0.0413471 0.366122
0 0.172056 0.370018 0.022673 0.0529093 0.345722
0 0.696449 0.426281 0.0291681 0.198183 0.28153
56 0.383138 0.51172 0.0403451 0.0839097 0.276366
0 0.325122 0.440074 0.0420255 0.109232 0.275285
26 0.151453 0.474856 0.020999 0.122656 0.250944
