0 0.894344 0.524364 0.210157 0.922384 0.947681
0 0.632642 0.569901 0.0871606 0.453657 0.878317
0 0.034638 0.478092 0.0421865 0.245667 0.844283
0 0.132388 0.512298 0.0605123 0.30375 0.839202
0 0.546124 0.57617 0.0957747 0.457471 0.835642
0 0.0729524 0.444395 0.0494502 0.208281 0.830428
0 0.374353 0.473173 0.0591537 0.158092 0.787401
0 0.480716 0.4321 0.0302031 0.161772 0.722793
0 0.354709 0.4203 0.031216 0.159053 0.687057
0 0.808063 0.413552 0.0469357 0.214871 0.616439
0 0.446795 0.465866 0.0575819 0.1572 0.602691
26 0.522712 0.508618 0.0515386 0.15142 0.526509
26 0.0945944 0.506882 0.0261929 0.0444034 0.391561
26 0.0945157 0.490319 0.0289654 0.0782896 0.379489
56 0.383215 0.510934 0.0406632 0.0855887 0.344831
0 0.171666 0.370302 0.0234447 0.0533218 0.340228
26 0.151443 0.491803 0.0212216 0.0877625 0.31205
0 0.325039 0.443423 0.0430769 0.116174 0.306897
0 0.00896966 0.449067 0.0179393 0.176484 0.289094
26 0.150953 0.471413 0.0211081 0.128973 0.265591
0 0.453462 0.403172 0.0289797 0.117798 0.251481
