0 0.886835 0.527045 0.225751 0.916491 0.95025
0 0.634802 0.570326 0.0844545 0.452201 0.886617
0 0.54789 0.573724 0.0954128 0.461915 0.87662
0 0.131852 0.510387 0.060242 0.304314 0.845315
0 0.0312784 0.476595 0.0412543 0.247694 0.843377
0 0.0726384 0.443334 0.0489856 0.209325 0.812866
0 0.374348 0.4733 0.059139 0.157819 0.797782
0 0.479974 0.431989 0.0287325 0.161208 0.723952
0 0.354974 0.408991 0.0313141 0.137538 0.679434
0 0.447764 0.463433 0.0597166 0.160569 0.661348
0 0.80935 0.372723 0.0449635 0.134751 0.653982
26 0.525347 0.502257 0.0510086 0.161475 0.493609
56 0.383313 0.507564 0.0409163 0.0922877 0.427401
26 0.0965422 0.507432 0.0254099 0.0424683 0.421266
0 0.324732 0.449053 0.0468647 0.129861 0.354057
26 0.0967376 0.491392 0.0272669 0.0752541 0.341033
0 0.170993 0.370511 0.0243295 0.0541753 0.318869
0 0.971792 0.328993 0.0237362 0.0475038 0.273985
26 0.525113 0.543106 0.0510989 0.0827664 0.27139
0 0.00823392 0.44633 0.0164678 0.178886 0.265986
0 0.456857 0.400977 0.0228065 0.10971 0.25695
