0 0.881041 0.529317 0.237295 0.913091 0.949162
0 0.550939 0.573987 0.0988283 0.462367 0.878346
0 0.638352 0.572312 0.0862028 0.452928 0.864157
0 0.1319 0.508885 0.0606485 0.30053 0.839487
0 0.0293825 0.476687 0.0421224 0.249216 0.832468
0 0.374325 0.473159 0.059245 0.157896 0.802579
0 0.0729087 0.443248 0.0477563 0.20953 0.799619
0 0.808047 0.35979 0.0416527 0.107245 0.75773
0 0.47898 0.431065 0.0287475 0.165073 0.738979
0 0.445558 0.464001 0.0558092 0.159923 0.687957
0 0.354851 0.418143 0.031514 0.155895 0.677282
26 0.526588 0.50416 0.050465 0.157259 0.576519
0 0.975473 0.347803 0.033429 0.0867483 0.495708
26 0.0980146 0.507482 0.0245787 0.0443792 0.458891
56 0.383253 0.508583 0.0409 0.0901085 0.41087
26 0.0981498 0.491378 0.025927 0.0766905 0.369935
0 0.324469 0.449119 0.0463498 0.129662 0.361373
0 0.171337 0.370627 0.0242122 0.0541665 0.356743
0 0.973211 0.332176 0.0296364 0.0565592 0.259502
