0 0.870698 0.531595 0.257607 0.910491 0.947556
0 0.641296 0.575847 0.0866842 0.458017 0.882423
0 0.551708 0.573204 0.093774 0.464538 0.86952
0 0.0250879 0.476164 0.0481837 0.24859 0.835019
0 0.131821 0.507537 0.0598303 0.30062 0.834828
0 0.0731306 0.440545 0.0481235 0.205674 0.802188
0 0.374402 0.473102 0.0591845 0.158461 0.800533
0 0.975807 0.368223 0.0466389 0.127123 0.722089
0 0.478976 0.429142 0.0293738 0.168479 0.714929
0 0.807699 0.352058 0.0389509 0.0907795 0.7058
0 0.354694 0.40854 0.0317304 0.136855 0.680712
0 0.447709 0.467025 0.0588779 0.157135 0.648244
26 0.529197 0.501083 0.0516626 0.155576 0.555805
0 0.325292 0.449153 0.0483125 0.129617 0.420167
0 0.171848 0.370847 0.0233038 0.0540945 0.415848
0 0.455914 0.397586 0.021638 0.112101 0.413856
56 0.38324 0.509671 0.0408459 0.0883045 0.382512
26 0.0985438 0.506275 0.0227772 0.0455969 0.372908
0 0.495962 0.416448 0.0156469 0.137612 0.316962
26 0.15009 0.47007 0.0233352 0.12947 0.309962
26 0.0984107 0.489801 0.0244521 0.07885 0.293538
