0 0.864225 0.53059 0.270844 0.913214 0.951505
0 0.554781 0.573093 0.0966123 0.466207 0.877244
0 0.0241936 0.47557 0.0475872 0.248762 0.851421
0 0.131593 0.507473 0.0607037 0.300622 0.830548
0 0.64436 0.574737 0.0842064 0.461974 0.82864
0 0.0726639 0.44051 0.0485643 0.205724 0.810125
0 0.97503 0.3773 0.0465513 0.144945 0.797474
0 0.37444 0.472852 0.0591987 0.158647 0.794407
0 0.478831 0.431042 0.0302431 0.164665 0.717816
0 0.353816 0.417606 0.033574 0.152517 0.662348
0 0.447224 0.468949 0.0581125 0.153036 0.652564
26 0.531094 0.498912 0.0511174 0.160192 0.547397
0 0.455755 0.400128 0.0225519 0.117444 0.42843
26 0.0991588 0.506951 0.0227729 0.0450741 0.424536
0 0.326044 0.449723 0.0495834 0.128212 0.412085
26 0.149935 0.469734 0.0240325 0.130752 0.404875
56 0.383253 0.510941 0.040451 0.0856574 0.361448
0 0.172343 0.371854 0.023864 0.0541817 0.341476
26 0.0990882 0.491534 0.0242598 0.0759216 0.319755
0 0.807199 0.348548 0.0380325 0.0801197 0.265891
0 0.496165 0.416936 0.0166792 0.139909 0.265509
