0 0.857 0.527827 0.285562 0.91431 0.949566
0 0.555352 0.57175 0.0954797 0.466259 0.880364
0 0.645696 0.574727 0.0841215 0.460279 0.863135
0 0.0231434 0.475487 0.0461672 0.249932 0.846239
0 0.131428 0.506313 0.0607685 0.303094 0.824943
0 0.0719702 0.441277 0.0492015 0.207854 0.810327
0 0.374396 0.47278 0.0592459 0.158834 0.783004
0 0.479405 0.428083 0.0321705 0.171117 0.671019
0 0.354666 0.416632 0.0323869 0.148177 0.667919
0 0.447078 0.469124 0.0582289 0.153489 0.628889
0 0.975965 0.412852 0.0468163 0.213807 0.516111
26 0.533428 0.498721 0.053308 0.162751 0.502268
26 0.150497 0.467584 0.0242157 0.127158 0.46423
0 0.455382 0.402104 0.0228928 0.117308 0.423942
26 0.0995786 0.503686 0.0230431 0.0515927 0.360699
56 0.38323 0.51043 0.0404111 0.0867818 0.344836
0 0.172513 0.371969 0.0233657 0.0540913 0.340202
0 0.326563 0.449582 0.0500173 0.128154 0.307472
26 0.151527 0.491911 0.022263 0.0717431 0.290692
26 0.53302 0.526991 0.0529186 0.105455 0.285324
26 0.0993099 0.483889 0.0264568 0.091688 0.28319
0 0.494594 0.417733 0.0162552 0.139284 0.266377
