0 0.493191 0.609955 0.177543 0.766859 0.93164
0 0.782734 0.66306 0.172368 0.661929 0.909119
0 0.358183 0.508583 0.0775368 0.395953 0.885352
26 0.554493 0.864417 0.0672859 0.256269 0.839082
0 0.233514 0.468505 0.0441857 0.22408 0.836637
26 0.411426 0.845442 0.0730158 0.209775 0.828699
0 0.914226 0.438176 0.0519051 0.264357 0.821365
0 0.880763 0.449341 0.0624382 0.243552 0.801466
0 0.182579 0.469607 0.0452237 0.223385 0.778158
0 0.978349 0.440486 0.041194 0.246235 0.748316
0 0.710878 0.419242 0.0425863 0.220124 0.719873
26 0.830076 0.662607 0.040197 0.349311 0.70093
0 0.0366272 0.698069 0.0727791 0.582936 0.693396
0 0.422273 0.501672 0.0605863 0.347947 0.673776
0 0.0726012 0.467221 0.0489107 0.239637 0.644408
0 0.57199 0.42287 0.0297915 0.174128 0.620591
0 0.606441 0.417437 0.0327709 0.202891 0.525009
24 0.496769 0.461318 0.101218 0.196404 0.509692
26 0.0641639 0.708645 0.128155 0.570057 0.448511
26 0.07221 0.842486 0.113982 0.304403 0.404413
24 0.498022 0.433898 0.0964021 0.140363 0.394024
26 0.386708 0.451912 0.0226176 0.163895 0.383597
0 0.534967 0.361177 0.0229786 0.0595306 0.372133
0 0.952714 0.442943 0.026152 0.152393 0.33684
24 0.170441 0.431352 0.0242171 0.0755742 0.315278
0 0.860258 0.41183 0.025992 0.184229 0.288754
0 0.00466018 0.398368 0.00932037 0.0736645 0.267734
0 0.0317704 0.378865 0.0175707 0.0668045 0.262804
26 0.388264 0.501291 0.0192962 0.0637057 0.256183
26 0.930833 0.436053 0.0275635 0.0925092 0.250293
