0 0.844844 0.528012 0.307013 0.914256 0.951508
0 0.649783 0.572881 0.0851454 0.465147 0.890586
0 0.557357 0.57064 0.0930484 0.46659 0.881637
0 0.0225025 0.475015 0.045005 0.249402 0.854637
0 0.131327 0.505364 0.0612081 0.303782 0.826323
0 0.0721622 0.440826 0.0494553 0.206189 0.800434
0 0.374511 0.472278 0.0594529 0.159513 0.769811
0 0.976816 0.425116 0.0453363 0.238673 0.72032
0 0.355755 0.421068 0.0316586 0.153616 0.661224
0 0.47862 0.428004 0.0326738 0.167923 0.625342
0 0.447282 0.465396 0.0593285 0.158303 0.620997
26 0.53612 0.499513 0.0527803 0.159133 0.557578
0 0.45369 0.403524 0.024619 0.118173 0.465357
26 0.150525 0.467743 0.0242934 0.126989 0.441729
0 0.173079 0.371925 0.0222115 0.0521022 0.417441
56 0.383157 0.506532 0.0408426 0.0940601 0.393487
0 0.484118 0.425622 0.0325726 0.165852 0.379321
0 0.49282 0.416284 0.0187048 0.137294 0.343309
26 0.0994782 0.491645 0.0232928 0.0763253 0.339567
26 0.151479 0.49183 0.0224215 0.072398 0.299059
0 0.153269 0.371602 0.017923 0.0494529 0.28048
