0 0.832274 0.529149 0.321819 0.916544 0.945861
0 0.652149 0.571419 0.0869188 0.467228 0.897479
0 0.55838 0.571732 0.092477 0.466616 0.878005
0 0.0221399 0.475181 0.0442673 0.246835 0.853722
0 0.130837 0.504695 0.0628336 0.303203 0.814828
0 0.0723421 0.441896 0.0492939 0.20697 0.79537
0 0.976893 0.433526 0.0453781 0.251383 0.78072
0 0.374501 0.472293 0.0596089 0.159514 0.767617
0 0.356252 0.422296 0.0315422 0.154644 0.64345
0 0.447219 0.465695 0.0591841 0.157743 0.623066
0 0.477939 0.430586 0.0320444 0.162527 0.582049
26 0.538238 0.502723 0.0538107 0.158 0.504634
26 0.150499 0.468101 0.0249448 0.128581 0.441454
26 0.100124 0.508444 0.0227253 0.0461789 0.40047
0 0.453204 0.406202 0.0252197 0.12101 0.388827
0 0.488634 0.427136 0.0261223 0.16317 0.384678
56 0.383113 0.508369 0.0406238 0.0904897 0.378576
0 0.173166 0.372094 0.0225797 0.0515553 0.350277
26 0.0995597 0.483716 0.0268838 0.0984687 0.31175
0 0.49293 0.418611 0.0205465 0.141004 0.308922
26 0.151536 0.492031 0.0231547 0.073427 0.283219
0 0.152762 0.372578 0.0176147 0.0492337 0.257414
