0 0.816062 0.529827 0.335341 0.918727 0.948069
0 0.65511 0.572491 0.0867593 0.466146 0.875174
0 0.561536 0.576752 0.0951658 0.465633 0.854651
0 0.020537 0.475564 0.0410326 0.249328 0.85319
0 0.979043 0.423125 0.0410858 0.231811 0.815193
0 0.129904 0.504968 0.0651089 0.302622 0.814198
0 0.374435 0.472426 0.0597068 0.159756 0.784918
0 0.0723984 0.442233 0.0507892 0.20848 0.783903
0 0.447522 0.464666 0.0588958 0.159856 0.645965
0 0.476947 0.432368 0.0343494 0.16185 0.592741
0 0.356948 0.422594 0.0320434 0.156299 0.516639
26 0.100283 0.509067 0.0223207 0.0481248 0.400166
56 0.383168 0.508567 0.0404259 0.0902976 0.378241
26 0.53933 0.503744 0.0528709 0.160312 0.372148
0 0.174191 0.371947 0.0219945 0.0495989 0.361228
26 0.0996777 0.484938 0.0273361 0.100176 0.354232
0 0.452671 0.405369 0.0241039 0.117553 0.318599
0 0.151733 0.373071 0.0190261 0.0513323 0.287112
0 0.3242 0.448886 0.046586 0.129636 0.280777
