0 0.808024 0.529991 0.341173 0.916831 0.949799
0 0.567235 0.576598 0.0990755 0.466204 0.879092
0 0.654102 0.57203 0.080613 0.466297 0.854097
0 0.0193752 0.475336 0.0387307 0.249408 0.828702
0 0.129444 0.506517 0.0635209 0.302572 0.809542
0 0.374442 0.472274 0.0597355 0.15962 0.788778
0 0.0726856 0.442435 0.0499464 0.207608 0.744967
0 0.979282 0.424759 0.0404957 0.235597 0.709062
0 0.44769 0.463944 0.059639 0.161953 0.664716
0 0.475922 0.432748 0.0344322 0.161404 0.581638
0 0.3577 0.402636 0.031742 0.117991 0.538088
26 0.54263 0.506297 0.0534338 0.161014 0.422882
56 0.383224 0.500922 0.040876 0.105599 0.419916
0 0.323755 0.449127 0.0461352 0.1296 0.406716
0 0.175096 0.372095 0.0227437 0.0493361 0.375542
26 0.099576 0.488028 0.0274721 0.0966946 0.346392
26 0.100295 0.506393 0.0227202 0.0560864 0.338561
0 0.151086 0.371856 0.019743 0.0535695 0.290815
0 0.452517 0.40046 0.0244951 0.105243 0.253429
