0 0.799933 0.531657 0.346438 0.912044 0.950836
0 0.569103 0.577523 0.0992245 0.463658 0.89855
0 0.654208 0.569909 0.0778335 0.466455 0.854721
0 0.0187753 0.475539 0.0374916 0.249349 0.82786
0 0.130233 0.506815 0.0626048 0.301535 0.81694
0 0.374383 0.472281 0.059851 0.159338 0.80085
0 0.979938 0.441104 0.0391739 0.268069 0.714929
0 0.0749922 0.44259 0.0479736 0.20944 0.714599
0 0.447774 0.464139 0.0603039 0.162476 0.700362
0 0.358126 0.403585 0.0312723 0.119761 0.645743
0 0.47883 0.433654 0.0406598 0.162085 0.573742
0 0.324246 0.448801 0.0475293 0.130111 0.505896
26 0.54463 0.506391 0.0538994 0.168585 0.463571
56 0.383168 0.499011 0.0410917 0.109484 0.43089
0 0.175288 0.372401 0.0228542 0.049482 0.362041
0 0.54518 0.387595 0.027037 0.0960447 0.355092
26 0.0994723 0.490297 0.0276041 0.0944526 0.326037
26 0.0998538 0.501558 0.0236992 0.0691243 0.322632
