0 0.789196 0.531898 0.354419 0.909609 0.947903
0 0.572225 0.579167 0.0985675 0.462513 0.885062
0 0.0183534 0.473813 0.036626 0.248401 0.810579
0 0.652785 0.560059 0.0701794 0.446541 0.807101
0 0.128464 0.506972 0.0659585 0.298168 0.805558
0 0.374485 0.47225 0.0599708 0.159286 0.805543
0 0.980412 0.44148 0.0382114 0.271738 0.766948
0 0.0733619 0.443343 0.0471287 0.209022 0.71411
0 0.358863 0.402197 0.0307569 0.121763 0.674461
0 0.446932 0.463772 0.059048 0.161816 0.64619
0 0.543767 0.395452 0.0294853 0.110092 0.562603
0 0.473298 0.430204 0.0322017 0.160523 0.559485
26 0.548954 0.510993 0.0548416 0.167098 0.498116
0 0.325397 0.447663 0.049352 0.132491 0.463305
56 0.383256 0.495907 0.0410464 0.115544 0.440372
26 0.100198 0.48806 0.0271892 0.0986926 0.326044
0 0.176031 0.372612 0.0231849 0.0500205 0.293198
26 0.100245 0.505764 0.0241452 0.0641491 0.289245
0 0.98046 0.546352 0.0382916 0.48699 0.284971
