0 0.781105 0.534357 0.361229 0.90557 0.952517
0 0.573265 0.582535 0.0961975 0.46361 0.882154
0 0.651895 0.502861 0.064949 0.330083 0.819681
0 0.374323 0.471706 0.0596673 0.160031 0.815599
0 0.0178609 0.474529 0.0356764 0.247614 0.810236
0 0.127737 0.507594 0.0674468 0.298909 0.799458
0 0.980571 0.441781 0.0378532 0.272781 0.752333
0 0.359607 0.403576 0.0303592 0.126311 0.718539
0 0.073571 0.443547 0.0439883 0.208394 0.711827
0 0.473909 0.430527 0.0329989 0.159901 0.647206
0 0.446848 0.46379 0.0584823 0.161286 0.645574
0 0.543709 0.402139 0.0297594 0.122467 0.599916
0 0.326248 0.446544 0.0513403 0.134417 0.554833
26 0.551248 0.512354 0.0553387 0.165519 0.517204
56 0.383228 0.495035 0.0408471 0.116875 0.42522
0 0.452712 0.397635 0.0236624 0.0979418 0.395984
26 0.100774 0.492426 0.0259686 0.0888271 0.362573
0 0.954022 0.443165 0.0269821 0.152347 0.352082
0 0.980556 0.537934 0.0380833 0.469564 0.329276
26 0.100724 0.506233 0.0241292 0.06249 0.294816
0 0.955253 0.418887 0.0309593 0.194518 0.289893
0 0.488929 0.412433 0.020908 0.148449 0.28374
