0 0.774543 0.537964 0.356171 0.896865 0.951441
0 0.576462 0.584918 0.0937981 0.472246 0.878485
0 0.0168151 0.477273 0.0336113 0.244566 0.830034
0 0.126977 0.507365 0.0691474 0.298424 0.808061
0 0.374032 0.471265 0.059003 0.161002 0.802321
0 0.982212 0.440193 0.0347359 0.272832 0.750849
0 0.0747948 0.442664 0.0456235 0.209884 0.729339
0 0.360492 0.405077 0.0317008 0.128815 0.713167
0 0.542812 0.411788 0.0295374 0.141571 0.699616
0 0.446012 0.463882 0.0574839 0.160269 0.669179
0 0.649755 0.496099 0.0540152 0.311203 0.607811
0 0.474207 0.427722 0.0316729 0.163159 0.593819
0 0.955666 0.422477 0.0335426 0.201397 0.512769
26 0.554014 0.513512 0.0529898 0.161281 0.505952
0 0.325928 0.447935 0.0504816 0.131424 0.492491
56 0.383132 0.496718 0.0407577 0.113855 0.421489
26 0.101317 0.486831 0.0265989 0.0995913 0.331857
0 0.451601 0.39472 0.0204322 0.0922604 0.328015
26 0.100774 0.50344 0.0247481 0.0683663 0.317065
0 0.0467759 0.429615 0.0171429 0.113813 0.297368
26 0.554866 0.545264 0.0552634 0.0945897 0.29178
0 0.48475 0.419003 0.0175562 0.165024 0.268456
