0 0.769023 0.540138 0.356387 0.894538 0.943299
0 0.579275 0.584645 0.0920637 0.473334 0.876642
0 0.0161109 0.47806 0.0322115 0.242566 0.827376
0 0.12923 0.507087 0.0644629 0.296356 0.807908
0 0.374112 0.471076 0.0587214 0.160978 0.788785
0 0.983466 0.441535 0.0320301 0.273757 0.72874
0 0.658721 0.579721 0.0692606 0.478009 0.725286
0 0.0741278 0.443173 0.0440034 0.210363 0.725067
0 0.473367 0.428964 0.031299 0.162416 0.692309
0 0.360675 0.403641 0.0311124 0.126421 0.685508
0 0.541737 0.416866 0.0293695 0.150807 0.632425
0 0.445866 0.464007 0.0575653 0.160252 0.629899
26 0.557047 0.51359 0.0543042 0.158508 0.592718
0 0.955933 0.423584 0.0345352 0.200696 0.478369
56 0.383092 0.496826 0.0407236 0.113359 0.443919
0 0.326237 0.448756 0.050546 0.130456 0.433741
0 0.954252 0.443487 0.0297319 0.156596 0.330028
0 0.0469613 0.428211 0.0166347 0.117042 0.283448
0 0.451822 0.395568 0.0211773 0.0931787 0.283427
