0 0.763364 0.54343 0.354587 0.889911 0.942915
0 0.13288 0.50624 0.058156 0.298238 0.83549
0 0.582268 0.583232 0.0917746 0.473064 0.827795
0 0.0158088 0.475959 0.0316108 0.246643 0.826218
0 0.374077 0.471155 0.0588709 0.161224 0.786598
26 0.561449 0.515387 0.0578207 0.15828 0.774507
0 0.0741058 0.441803 0.0436592 0.211537 0.746581
0 0.98455 0.441946 0.0298706 0.273277 0.745772
0 0.541141 0.422741 0.0284941 0.161312 0.728511
0 0.360818 0.402888 0.0315832 0.127644 0.703056
0 0.471545 0.428187 0.0298417 0.162896 0.681399
0 0.444551 0.465351 0.0543425 0.159991 0.679852
0 0.658644 0.580189 0.0676035 0.477326 0.61115
0 0.955509 0.442582 0.0323727 0.15925 0.474135
0 0.326483 0.44884 0.0509534 0.130277 0.413137
56 0.383066 0.501717 0.040428 0.103736 0.393566
0 0.0469527 0.422813 0.017522 0.12702 0.34676
0 0.485731 0.416262 0.0162424 0.155173 0.278332
