0 0.498761 0.611646 0.179053 0.763052 0.930181
0 0.776976 0.659766 0.167292 0.664965 0.915127
0 0.357753 0.507951 0.0774497 0.399268 0.884107
0 0.234517 0.468362 0.044364 0.223782 0.827123
26 0.561921 0.874573 0.068812 0.249485 0.810461
26 0.416653 0.856427 0.0743162 0.218906 0.806777
0 0.91864 0.437535 0.0512329 0.267945 0.80425
0 0.183431 0.469913 0.0449156 0.223221 0.777828
0 0.880755 0.450766 0.0593233 0.241835 0.770753
0 0.975628 0.441076 0.0429966 0.243382 0.743658
0 0.0334884 0.694621 0.0666842 0.593553 0.723627
0 0.712247 0.419221 0.0424263 0.21784 0.679887
0 0.0704072 0.467479 0.0510504 0.240366 0.635326
0 0.57369 0.423718 0.0315345 0.172731 0.622483
0 0.427392 0.498284 0.0540416 0.340733 0.6028
26 0.826734 0.654621 0.0394814 0.348269 0.562466
24 0.50419 0.466221 0.100772 0.19418 0.547749
24 0.170891 0.432112 0.0244525 0.0756816 0.504075
0 0.856987 0.421874 0.0258308 0.202727 0.442573
0 0.608803 0.40177 0.0349648 0.181413 0.412245
0 0.400991 0.508755 0.0413054 0.322911 0.405046
26 0.065033 0.839159 0.115836 0.31094 0.402504
26 0.388934 0.499854 0.0203634 0.0663556 0.36209
24 0.504354 0.43401 0.0964367 0.130718 0.299412
26 0.931224 0.419637 0.0316887 0.123662 0.289758
26 0.387718 0.457049 0.0215755 0.153985 0.275571
0 0.0469485 0.410147 0.0260609 0.128447 0.266692
0 0.536341 0.361514 0.0226279 0.0571731 0.262306
