0 0.758214 0.547874 0.34941 0.879691 0.943579
0 0.58596 0.581507 0.0947014 0.472493 0.851928
0 0.132972 0.505376 0.0591184 0.295174 0.845916
0 0.0154077 0.477538 0.0307849 0.246325 0.807194
0 0.374146 0.471416 0.0589972 0.160396 0.761358
0 0.985364 0.441925 0.0282568 0.267106 0.744647
0 0.0762728 0.442423 0.0454549 0.21047 0.73584
0 0.53961 0.425063 0.0274967 0.167238 0.721902
0 0.361115 0.402733 0.0322451 0.127161 0.690566
0 0.444935 0.465522 0.0551504 0.158564 0.606087
0 0.470658 0.428633 0.0274534 0.164092 0.603822
26 0.564927 0.512969 0.0561501 0.155964 0.560854
0 0.956417 0.444192 0.0335659 0.156924 0.529008
0 0.657623 0.577366 0.0608871 0.469285 0.526839
0 0.0471422 0.422723 0.0179637 0.127486 0.380764
56 0.383046 0.501619 0.0407117 0.104089 0.374028
0 0.485995 0.414 0.0177307 0.153643 0.364076
0 0.326557 0.448272 0.0506419 0.131025 0.344311
37 0.933017 0.91347 0.133254 0.153131 0.281881
0 0.452486 0.393321 0.0199833 0.0903812 0.259624
