0 0.755733 0.550606 0.341115 0.874671 0.943325
0 0.133637 0.504478 0.0581804 0.294209 0.841716
0 0.587952 0.58022 0.0957681 0.472162 0.838547
0 0.0145596 0.476983 0.0290758 0.245639 0.803277
0 0.374144 0.471222 0.0587779 0.16031 0.769482
0 0.0767653 0.44188 0.0450115 0.209933 0.739408
0 0.538145 0.425528 0.0283405 0.167561 0.711465
0 0.985925 0.443466 0.0271206 0.271138 0.695742
0 0.361089 0.404069 0.0320711 0.128435 0.688342
26 0.56648 0.51359 0.0559671 0.155244 0.645584
0 0.469916 0.43228 0.0266298 0.160135 0.623236
0 0.659041 0.578949 0.0574955 0.468503 0.563443
0 0.444685 0.467384 0.0534992 0.156381 0.552212
0 0.955702 0.444876 0.0337467 0.158473 0.515051
0 0.485446 0.412582 0.0204609 0.152101 0.419629
0 0.327216 0.448356 0.0512909 0.13071 0.392472
56 0.383028 0.505309 0.0406412 0.0967319 0.352035
0 0.0470943 0.423203 0.0178161 0.126539 0.342251
0 0.488927 0.416528 0.0235268 0.145686 0.258371
26 0.0992852 0.490743 0.0208803 0.0755127 0.251767
