0 0.750031 0.55303 0.333464 0.870005 0.944603
0 0.589487 0.577973 0.0944042 0.474933 0.848132
0 0.133704 0.502333 0.0585483 0.294058 0.841658
0 0.0138314 0.477219 0.0276 0.246764 0.814116
0 0.374184 0.471162 0.0590295 0.16069 0.755611
0 0.0771249 0.441035 0.0440766 0.214427 0.752287
0 0.536463 0.424955 0.0294342 0.167305 0.703949
0 0.361491 0.40365 0.0317635 0.125571 0.678129
0 0.468621 0.433182 0.0262125 0.157769 0.628148
0 0.445022 0.465214 0.0551738 0.158252 0.595723
26 0.567703 0.511816 0.0536682 0.158586 0.524944
0 0.956588 0.445659 0.0338612 0.153529 0.523664
0 0.328635 0.449346 0.0481488 0.127317 0.415027
0 0.485507 0.413347 0.0242602 0.151839 0.402826
56 0.383189 0.5077 0.0404569 0.0920352 0.351611
0 0.985653 0.5494 0.0278996 0.477447 0.337536
0 0.98565 0.423505 0.0279575 0.225682 0.331207
0 0.0473172 0.423093 0.0177325 0.126605 0.31534
0 0.320253 0.402713 0.0242824 0.101466 0.285684
0 0.653511 0.579852 0.0654182 0.470031 0.270918
13 0.426275 0.497951 0.0466702 0.0977332 0.266017
