0 0.745182 0.552745 0.329599 0.871061 0.955611
0 0.134096 0.501736 0.0588104 0.294582 0.847178
0 0.590077 0.578248 0.093445 0.477865 0.843122
0 0.0130336 0.477092 0.0260049 0.246616 0.796031
0 0.37427 0.471323 0.0592416 0.159779 0.772704
0 0.535545 0.424948 0.0293363 0.166288 0.734736
0 0.0777324 0.441023 0.0407811 0.215495 0.728813
0 0.36164 0.404835 0.0317266 0.128039 0.710488
0 0.467925 0.431902 0.0277916 0.159341 0.635062
0 0.444407 0.466228 0.0558763 0.157469 0.615034
0 0.955635 0.445791 0.0315792 0.152584 0.588806
0 0.485215 0.41321 0.0250214 0.152595 0.474764
0 0.985799 0.425623 0.0275928 0.218481 0.469488
0 0.329255 0.449422 0.0471446 0.127273 0.454642
26 0.569521 0.509814 0.0543419 0.161871 0.417409
0 0.319511 0.402635 0.024622 0.104494 0.339426
0 0.985664 0.551547 0.0278881 0.472036 0.322024
56 0.383074 0.510342 0.0405534 0.0868615 0.31591
0 0.0477313 0.428605 0.0173734 0.115587 0.309844
