0 0.741334 0.550999 0.324214 0.87393 0.951963
0 0.590534 0.580064 0.0923285 0.483573 0.861161
0 0.134137 0.501911 0.059354 0.294434 0.850847
0 0.374366 0.471421 0.0591437 0.159862 0.792183
0 0.0122355 0.47715 0.0243848 0.245455 0.775698
0 0.53487 0.423798 0.0305939 0.167155 0.760567
0 0.0792295 0.441228 0.0413169 0.213167 0.731688
0 0.361818 0.406981 0.0313999 0.12895 0.682541
0 0.444698 0.465902 0.0551985 0.157848 0.631301
0 0.954138 0.447611 0.0287479 0.149022 0.625587
0 0.467422 0.431347 0.0279772 0.157284 0.56653
0 0.328406 0.449456 0.0491334 0.127772 0.505571
16 0.00864882 0.722871 0.0171894 0.0939043 0.479166
0 0.98574 0.554348 0.0276917 0.465245 0.432012
0 0.485093 0.41292 0.0266418 0.152923 0.420582
0 0.318551 0.403336 0.0254732 0.105757 0.381154
56 0.383243 0.508133 0.0405094 0.091225 0.334073
0 0.0477914 0.429834 0.0173034 0.113531 0.298286
26 0.570327 0.508636 0.0525131 0.162972 0.296017
0 0.985848 0.432013 0.0274052 0.204937 0.269171
