0 0.739647 0.550162 0.312176 0.877981 0.948071
0 0.592301 0.582637 0.0906579 0.494711 0.875413
0 0.135464 0.501334 0.0588183 0.294286 0.865711
0 0.374393 0.472057 0.0583677 0.159574 0.782124
0 0.53438 0.423507 0.0313026 0.167175 0.775298
0 0.0805862 0.442701 0.0448188 0.215091 0.709472
0 0.0151224 0.686963 0.0299547 0.158828 0.690131
0 0.362075 0.406477 0.0309502 0.125961 0.681242
0 0.0108101 0.483037 0.0214525 0.231771 0.679726
0 0.444671 0.466465 0.0547562 0.157012 0.616594
0 0.465831 0.43182 0.0282917 0.154131 0.598875
0 0.953897 0.445192 0.0287764 0.152193 0.468718
0 0.985803 0.548528 0.0274609 0.41465 0.467992
0 0.485287 0.413937 0.0256735 0.150512 0.446894
0 0.331705 0.449615 0.0425373 0.126657 0.379406
26 0.571661 0.505693 0.051543 0.16699 0.36959
0 0.317225 0.40471 0.0254203 0.107658 0.367298
56 0.383094 0.51128 0.040141 0.0855243 0.342796
0 0.047572 0.429659 0.0177243 0.113626 0.287382
