0 0.739505 0.548902 0.30232 0.878142 0.943829
0 0.593105 0.584737 0.0886263 0.499493 0.875385
0 0.135406 0.501061 0.0590559 0.295369 0.864542
0 0.374491 0.472288 0.0584564 0.159392 0.790526
0 0.533745 0.424022 0.031773 0.166205 0.784627
0 0.080302 0.442733 0.043671 0.214554 0.685609
0 0.362333 0.406783 0.030681 0.12632 0.679979
0 0.0181124 0.660604 0.0359248 0.207551 0.61353
0 0.444166 0.466872 0.0540073 0.155828 0.596977
0 0.465086 0.431311 0.0278183 0.154875 0.575242
0 0.0106085 0.481251 0.0210216 0.232553 0.498969
0 0.485856 0.413537 0.0262009 0.151513 0.456886
0 0.986228 0.512041 0.0265926 0.332214 0.426088
0 0.953105 0.447027 0.02747 0.149598 0.425986
0 0.328684 0.449764 0.0481357 0.126454 0.407259
26 0.573708 0.506614 0.0525805 0.172531 0.360108
56 0.382921 0.513109 0.0401548 0.0819977 0.348203
26 0.573493 0.550464 0.0538397 0.0831616 0.337692
0 0.316747 0.405055 0.0241762 0.108729 0.336711
0 0.956918 0.667147 0.0855549 0.650869 0.284724
0 0.0473922 0.42669 0.0174575 0.119555 0.281981
26 0.957134 0.826534 0.0849022 0.333405 0.254822
