0 0.735373 0.547988 0.296785 0.877945 0.941147
0 0.592917 0.589166 0.0858685 0.497806 0.860317
0 0.135765 0.50111 0.0583586 0.294832 0.849253
0 0.532626 0.424531 0.031875 0.166201 0.787409
0 0.374384 0.471476 0.058639 0.161158 0.779094
0 0.0815458 0.442901 0.0433911 0.212207 0.697106
0 0.362572 0.406612 0.0308169 0.125518 0.683481
0 0.443529 0.467606 0.0532373 0.155705 0.637139
0 0.02177 0.567803 0.0431995 0.397204 0.624019
0 0.463429 0.426776 0.0273971 0.149491 0.623536
0 0.485876 0.414123 0.0257975 0.149876 0.578887
0 0.0220178 0.644008 0.043523 0.245836 0.54441
0 0.952657 0.447655 0.0272343 0.148565 0.437369
0 0.944359 0.670562 0.110457 0.642478 0.405258
0 0.986827 0.482735 0.0253536 0.268658 0.404346
0 0.328867 0.44982 0.0478188 0.126154 0.392638
26 0.575503 0.554264 0.0529009 0.0816479 0.327963
26 0.102377 0.482635 0.0244985 0.101403 0.325902
56 0.382802 0.513704 0.0392736 0.0809363 0.322078
0 0.315839 0.407155 0.0251182 0.111103 0.320273
0 0.0473451 0.426669 0.0172538 0.118898 0.304239
26 0.575683 0.512526 0.0516672 0.167488 0.272613
