0 0.733747 0.549448 0.290889 0.875688 0.941621
0 0.135649 0.501277 0.0584448 0.29458 0.846954
0 0.593051 0.589466 0.0858771 0.493824 0.837575
0 0.531789 0.424412 0.0315234 0.165723 0.796891
0 0.374301 0.47165 0.0587487 0.161191 0.783315
0 0.362652 0.406796 0.0306798 0.126337 0.696504
0 0.0817703 0.444173 0.0443354 0.213144 0.695216
0 0.485495 0.413246 0.027187 0.152561 0.629552
0 0.443703 0.466407 0.0534235 0.157814 0.616146
0 0.462871 0.425812 0.0270576 0.148778 0.594573
0 0.0238657 0.571611 0.0473727 0.392457 0.523249
0 0.0238185 0.641874 0.0472636 0.250966 0.447728
0 0.952436 0.448821 0.0263805 0.147111 0.445336
0 0.326645 0.449154 0.0516096 0.12943 0.417569
56 0.382938 0.513273 0.0395086 0.0817652 0.342283
26 0.933084 0.792596 0.133059 0.408506 0.32178
26 0.576882 0.555842 0.0545188 0.0839337 0.313861
0 0.00892293 0.448933 0.0176824 0.159652 0.307006
0 0.0476644 0.428558 0.0171426 0.114914 0.29559
0 0.988189 0.472003 0.0226425 0.246043 0.29336
0 0.31486 0.405591 0.0253356 0.107817 0.278979
39 0.612707 0.951173 0.0355247 0.087349 0.268232
26 0.575276 0.514372 0.0515568 0.164164 0.25934
