0 0.729525 0.547711 0.287999 0.876554 0.944136
0 0.134474 0.502069 0.0597097 0.293255 0.831444
0 0.592697 0.591656 0.0841805 0.492031 0.811689
0 0.531323 0.424504 0.0311079 0.163808 0.800314
0 0.374194 0.471236 0.0589831 0.162515 0.753568
0 0.0253837 0.579015 0.050372 0.378166 0.74683
0 0.0822958 0.444727 0.0450896 0.2129 0.725244
0 0.362531 0.407337 0.030037 0.127759 0.697627
0 0.462571 0.428877 0.0285856 0.155491 0.690686
0 0.485537 0.413514 0.0279716 0.152358 0.685323
0 0.443189 0.466466 0.0526884 0.155645 0.557697
26 0.923397 0.785418 0.152495 0.421431 0.498394
26 0.576261 0.51508 0.0535075 0.163857 0.432537
0 0.952275 0.44811 0.0254427 0.147286 0.370752
0 0.923635 0.670165 0.151979 0.643774 0.336465
0 0.326677 0.448958 0.0511077 0.129694 0.334156
0 0.313963 0.407597 0.0253429 0.113485 0.325934
56 0.382935 0.512762 0.0390531 0.0825609 0.309937
26 0.576172 0.554996 0.0538879 0.0834034 0.29056
0 0.0476958 0.429683 0.0174074 0.11233 0.283172
26 0.154743 0.488006 0.0190587 0.0757555 0.251074
