0 0.502367 0.61214 0.179366 0.759119 0.922542
0 0.773881 0.65743 0.166619 0.668225 0.909377
0 0.357379 0.507659 0.0760303 0.398817 0.886673
26 0.420115 0.865813 0.0749312 0.218101 0.830151
0 0.235567 0.468835 0.0447501 0.22293 0.82764
0 0.92083 0.43642 0.0490288 0.26588 0.825299
0 0.881167 0.452978 0.0595558 0.245126 0.80856
26 0.566766 0.877202 0.0698407 0.244384 0.792859
0 0.184229 0.470691 0.04371 0.221966 0.766556
0 0.974505 0.441572 0.0427996 0.243751 0.727313
0 0.430797 0.492638 0.0553493 0.331159 0.710145
0 0.713084 0.41985 0.0428174 0.21394 0.687892
0 0.0716388 0.46767 0.0496001 0.240884 0.653985
0 0.0313743 0.69555 0.0624096 0.597491 0.61497
0 0.574481 0.424005 0.0309908 0.16906 0.579151
24 0.507692 0.478702 0.0962851 0.207995 0.469371
0 0.614229 0.417195 0.0421352 0.21699 0.452075
26 0.822721 0.641112 0.0379292 0.361348 0.439662
24 0.171442 0.430626 0.0251701 0.0735053 0.432295
26 0.0615028 0.838484 0.116278 0.31373 0.415652
26 0.389627 0.49869 0.0208725 0.0672651 0.373734
26 0.0605777 0.927423 0.102299 0.144275 0.352544
0 0.402205 0.510673 0.0376755 0.323924 0.351632
0 0.856947 0.421999 0.0257042 0.19893 0.324466
24 0.507226 0.442563 0.0979471 0.137475 0.321444
0 0.465727 0.365936 0.0248003 0.0613919 0.314991
26 0.933784 0.430873 0.0290577 0.107399 0.273868
26 0.388211 0.45847 0.0209644 0.150961 0.260742
