0 0.724973 0.548984 0.280329 0.872817 0.941111
0 0.130743 0.502404 0.065783 0.293175 0.818303
0 0.593319 0.590003 0.0802513 0.493223 0.800817
0 0.531614 0.424944 0.0318151 0.163233 0.783712
0 0.373952 0.470582 0.0588483 0.1641 0.758729
0 0.0276742 0.579583 0.0550644 0.379058 0.757715
0 0.0825396 0.444848 0.0454381 0.21356 0.734001
0 0.362405 0.406502 0.0300275 0.128216 0.717805
0 0.485974 0.413744 0.0287894 0.153108 0.665169
0 0.91686 0.674112 0.16597 0.634231 0.651403
0 0.460981 0.43667 0.0286818 0.176596 0.577889
0 0.442169 0.465055 0.0505249 0.160285 0.565247
0 0.951615 0.448389 0.0240833 0.147645 0.436411
26 0.580715 0.559408 0.0569426 0.0890698 0.430127
0 0.326763 0.448762 0.0520652 0.13012 0.395527
0 0.312152 0.407378 0.0261289 0.115166 0.349795
0 0.0477859 0.430554 0.0175306 0.110358 0.343219
26 0.153037 0.468443 0.0208676 0.119979 0.30998
56 0.382881 0.512634 0.0390422 0.0827671 0.298835
26 0.581005 0.519687 0.0569363 0.166049 0.285123
0 0.837428 0.362606 0.0410488 0.0996993 0.258708
24 0.977475 0.71749 0.0442501 0.291914 0.250304
