0 0.722519 0.55054 0.27487 0.872607 0.936436
0 0.129996 0.502122 0.0670585 0.290958 0.818198
0 0.593169 0.588504 0.0778494 0.490111 0.786251
0 0.0829764 0.443313 0.0462438 0.215719 0.755027
0 0.374098 0.471547 0.0590215 0.162632 0.752157
0 0.530817 0.425153 0.0308582 0.16382 0.72992
0 0.362332 0.40642 0.0298152 0.130099 0.726901
0 0.0287382 0.707185 0.0571417 0.575331 0.699913
0 0.94632 0.668141 0.106577 0.639576 0.689624
0 0.486313 0.413623 0.0292437 0.153925 0.630637
26 0.89602 0.781945 0.158292 0.425294 0.62313
0 0.460956 0.442776 0.0292288 0.192692 0.601057
26 0.581783 0.559259 0.0575188 0.0918997 0.496063
0 0.918748 0.669611 0.161515 0.645566 0.470313
0 0.952582 0.451115 0.0255459 0.141993 0.420379
26 0.93547 0.782481 0.111335 0.426863 0.385679
0 0.327296 0.448707 0.051511 0.130218 0.384382
0 0.0478176 0.430707 0.0175864 0.109764 0.377315
0 0.440983 0.46473 0.0487999 0.157263 0.338148
0 0.00939889 0.446206 0.0187835 0.159437 0.307149
0 0.310583 0.407424 0.0242758 0.114213 0.305922
26 0.579603 0.519331 0.0521493 0.168839 0.304435
0 0.33525 0.448523 0.0367146 0.131256 0.297792
0 0.837468 0.367373 0.0428692 0.104462 0.265696
56 0.38304 0.512666 0.0391064 0.0831156 0.261017
