0 0.717903 0.551958 0.266509 0.8704 0.9356
0 0.0291683 0.69965 0.0579514 0.590842 0.832336
0 0.1312 0.502376 0.0602502 0.291395 0.812336
0 0.374179 0.47005 0.0591571 0.16556 0.770783
0 0.529822 0.425836 0.031014 0.161069 0.768027
0 0.0823395 0.443295 0.0456282 0.216355 0.724766
0 0.362998 0.406095 0.0300398 0.130805 0.723968
0 0.594734 0.57891 0.0758778 0.474204 0.70461
0 0.902905 0.666467 0.192785 0.649301 0.696748
0 0.487529 0.415054 0.0288637 0.151238 0.664709
0 0.446577 0.46561 0.0596556 0.159645 0.582233
26 0.582909 0.518508 0.0566032 0.170556 0.53633
0 0.46109 0.409511 0.0284657 0.1274 0.454074
0 0.326442 0.448749 0.0520885 0.130254 0.370619
26 0.93184 0.780426 0.135632 0.434166 0.368456
0 0.0481269 0.430296 0.0170438 0.110907 0.324794
0 0.838595 0.36489 0.0431374 0.102242 0.323414
0 0.308813 0.408587 0.0254002 0.115021 0.278088
0 0.949973 0.449708 0.0208145 0.146081 0.27025
56 0.382751 0.51382 0.0391685 0.080238 0.257688
0 0.334655 0.448717 0.0375919 0.131112 0.250903
