0 0.715442 0.553394 0.263355 0.869656 0.93409
0 0.0294525 0.701693 0.0584966 0.582047 0.826261
0 0.131746 0.501727 0.0572103 0.291905 0.817627
0 0.527953 0.427334 0.0327261 0.160587 0.785271
0 0.374204 0.471219 0.0587551 0.1637 0.75012
0 0.363253 0.406281 0.0299179 0.132625 0.72605
0 0.595257 0.551387 0.0765068 0.422678 0.704926
0 0.0824342 0.443468 0.046574 0.215694 0.700334
0 0.487475 0.415298 0.0296581 0.15113 0.671408
0 0.93593 0.662109 0.127617 0.653697 0.593824
0 0.446505 0.466374 0.059438 0.157389 0.589858
26 0.900378 0.782138 0.0974468 0.430136 0.562081
0 0.326542 0.44874 0.0528999 0.130357 0.50903
0 0.461958 0.413167 0.0284483 0.119719 0.458013
26 0.871993 0.781156 0.153444 0.431511 0.438132
0 0.900915 0.661143 0.197075 0.652665 0.402203
0 0.839121 0.407522 0.0432812 0.190759 0.350692
0 0.048235 0.430704 0.016819 0.108814 0.315226
26 0.583484 0.516679 0.05681 0.176612 0.307561
56 0.382521 0.514309 0.0388932 0.0794413 0.287961
0 0.305849 0.407563 0.018618 0.112871 0.276518
