0 0.711713 0.554906 0.25897 0.866307 0.928322
0 0.0294975 0.705861 0.0586106 0.57355 0.820483
0 0.130603 0.501553 0.0571116 0.290123 0.801939
0 0.526944 0.428042 0.0325137 0.160165 0.800061
0 0.374183 0.471391 0.0586059 0.163801 0.739954
0 0.595294 0.545871 0.0765896 0.414759 0.706351
0 0.0814974 0.443251 0.0453596 0.215759 0.70081
0 0.363309 0.406187 0.0297798 0.133215 0.700377
0 0.487194 0.415056 0.0287453 0.151411 0.681586
26 0.86371 0.774449 0.148522 0.417467 0.680957
0 0.928821 0.662562 0.141705 0.650499 0.605442
0 0.840059 0.422003 0.042535 0.222939 0.555308
0 0.326318 0.448682 0.052683 0.130443 0.519791
0 0.446358 0.465137 0.059564 0.160723 0.429129
0 0.896731 0.661236 0.205515 0.651967 0.367437
0 0.307232 0.405802 0.0204263 0.11026 0.313185
0 0.048068 0.429228 0.0173975 0.112285 0.284834
56 0.382436 0.514431 0.0389118 0.079416 0.273415
0 0.0232761 0.490773 0.0460133 0.192731 0.270002
26 0.892522 0.781231 0.0991985 0.425826 0.261752
0 0.458556 0.41175 0.0310844 0.122846 0.250497
