0 0.706587 0.560389 0.253619 0.855588 0.927348
0 0.0302441 0.696588 0.0600661 0.59114 0.868762
0 0.925953 0.666551 0.147244 0.646132 0.858844
26 0.854663 0.781451 0.146186 0.425794 0.827912
0 0.524375 0.427791 0.0319017 0.158787 0.801044
0 0.129641 0.499497 0.0580645 0.288577 0.793754
0 0.374084 0.471325 0.0585195 0.163461 0.762748
0 0.596413 0.526599 0.0741364 0.379588 0.743091
0 0.0818022 0.443864 0.042935 0.217126 0.7301
0 0.363381 0.405561 0.030424 0.133935 0.697214
0 0.487389 0.414945 0.0286125 0.15148 0.678637
0 0.326509 0.448669 0.0527323 0.130741 0.589801
0 0.840809 0.421406 0.0427732 0.223196 0.55587
0 0.446624 0.466169 0.0599468 0.158956 0.422186
0 0.30697 0.404336 0.0208182 0.106719 0.359587
26 0.148706 0.464471 0.0194212 0.120233 0.311649
0 0.0480521 0.42725 0.0187983 0.116588 0.2818
0 0.910669 0.363087 0.0304874 0.0916613 0.270217
0 0.457171 0.41286 0.0307803 0.119254 0.265587
