0 0.703234 0.560956 0.244983 0.85247 0.916283
0 0.918539 0.665353 0.161543 0.645043 0.848875
0 0.129635 0.498426 0.0567574 0.288894 0.821109
0 0.0328839 0.694879 0.0653404 0.593625 0.806298
26 0.850607 0.783605 0.144444 0.423204 0.796779
0 0.374078 0.4723 0.0585532 0.160984 0.785483
0 0.522966 0.427137 0.0306252 0.158575 0.779261
0 0.0819995 0.443094 0.0438016 0.217291 0.737594
0 0.843281 0.423943 0.0464626 0.227693 0.722836
0 0.363304 0.405799 0.0302221 0.133131 0.691092
0 0.487667 0.415055 0.0277262 0.151052 0.670418
0 0.597224 0.515116 0.0731857 0.357605 0.609621
0 0.326503 0.448681 0.0527835 0.130586 0.559778
0 0.446473 0.466907 0.0594679 0.1568 0.483591
0 0.30675 0.402439 0.0201421 0.103043 0.374671
0 0.0480376 0.428208 0.0180359 0.113775 0.316638
26 0.147986 0.463815 0.0203294 0.1195 0.273764
26 0.582342 0.566417 0.0426714 0.0630534 0.265479
0 0.456694 0.412789 0.0298966 0.113088 0.26453
