0 0.693639 0.565065 0.24653 0.843915 0.914718
0 0.916562 0.667816 0.165613 0.640401 0.871386
26 0.843871 0.784752 0.139475 0.418726 0.854748
0 0.0340626 0.696394 0.067661 0.590844 0.824693
0 0.128649 0.497705 0.0560174 0.289976 0.824672
0 0.374197 0.472224 0.0584788 0.161645 0.78809
0 0.521804 0.425566 0.0297178 0.158912 0.777815
0 0.0831664 0.441784 0.0440968 0.215333 0.723076
0 0.364303 0.406912 0.0305837 0.129528 0.695217
0 0.488315 0.416004 0.0280457 0.149834 0.657227
0 0.326596 0.448624 0.0530748 0.130606 0.544667
0 0.844065 0.423723 0.0445091 0.223905 0.520184
0 0.456536 0.450909 0.0459553 0.191821 0.464487
0 0.599501 0.659071 0.0726898 0.642649 0.408203
0 0.832204 0.435309 0.0218019 0.202191 0.351573
0 0.307253 0.402357 0.0212964 0.103747 0.321554
58 0.17082 0.49645 0.027032 0.0519226 0.304059
0 0.0197551 0.397644 0.0318785 0.095958 0.287479
26 0.147319 0.463251 0.0202629 0.119783 0.278054
26 0.578519 0.565063 0.0327105 0.0604919 0.261992
