0 0.685453 0.566077 0.249374 0.845667 0.935001
0 0.914759 0.668425 0.169211 0.639983 0.883426
26 0.839482 0.786029 0.143302 0.420561 0.878268
0 0.039049 0.690655 0.0775351 0.587226 0.84641
0 0.128469 0.49783 0.0558555 0.289353 0.829067
0 0.374306 0.472301 0.05852 0.160942 0.793176
0 0.520957 0.424925 0.0293894 0.161546 0.790485
0 0.0828077 0.442957 0.0441226 0.217079 0.715978
0 0.365012 0.407474 0.0313382 0.128514 0.707616
0 0.488058 0.41546 0.0277126 0.149548 0.655898
0 0.326584 0.448586 0.0530632 0.130725 0.61324
0 0.844381 0.423747 0.0426296 0.225631 0.559363
0 0.448979 0.453662 0.0538736 0.18492 0.460714
26 0.146833 0.462761 0.0202968 0.11907 0.415409
0 0.832501 0.433417 0.0210487 0.206349 0.364758
0 0.306151 0.401576 0.0209196 0.10481 0.352932
0 0.020026 0.395109 0.0316335 0.0911467 0.324796
0 0.456872 0.449926 0.0453997 0.19371 0.297967
0 0.42608 0.415371 0.0236356 0.128879 0.258245
