0 0.678956 0.565455 0.248455 0.847119 0.942423
0 0.91372 0.669088 0.171609 0.635702 0.882345
0 0.0361969 0.694475 0.0719944 0.59566 0.881134
26 0.835624 0.783539 0.139559 0.424315 0.852826
0 0.127974 0.497808 0.0557872 0.289703 0.850948
0 0.521444 0.424787 0.0280632 0.160317 0.798597
0 0.37417 0.472254 0.0583349 0.160532 0.797613
0 0.365592 0.407815 0.0318051 0.128173 0.745561
0 0.0829249 0.445069 0.0468858 0.215343 0.737039
0 0.488399 0.415484 0.0299741 0.147519 0.665093
0 0.327129 0.449965 0.0520451 0.1279 0.631394
0 0.843989 0.423897 0.0403259 0.225175 0.581774
0 0.447459 0.460532 0.0558268 0.170943 0.504013
0 0.45719 0.412768 0.0351895 0.124491 0.409355
0 0.020131 0.393133 0.0308534 0.0871733 0.38326
58 0.170665 0.496848 0.0268766 0.0516561 0.315227
0 0.831846 0.432623 0.0183163 0.205377 0.308147
0 0.30544 0.40241 0.0216051 0.106813 0.302286
0 0.18487 0.373151 0.022027 0.0532101 0.293348
0 0.425437 0.415199 0.0218267 0.125453 0.267836
39 0.578806 0.95202 0.0468292 0.0953256 0.26371
