0 0.91626 0.655941 0.166609 0.667748 0.929753
0 0.151092 0.637234 0.190388 0.710162 0.923321
0 0.374165 0.629225 0.14196 0.728312 0.914941
0 0.842138 0.448934 0.0507605 0.236641 0.849478
0 0.527108 0.43973 0.0604799 0.234002 0.826059
0 0.875494 0.418898 0.0402035 0.210746 0.813942
26 0.435238 0.77948 0.0513722 0.218361 0.800131
26 0.310927 0.76664 0.0465813 0.179415 0.78287
0 0.472016 0.430422 0.0274755 0.181325 0.754286
0 0.0404882 0.468124 0.0406704 0.244173 0.753427
0 0.0722196 0.465463 0.0533003 0.247483 0.738671
26 0.250302 0.820485 0.0786991 0.136206 0.695329
0 0.0169086 0.418879 0.026391 0.136174 0.673672
0 0.506384 0.420977 0.0200541 0.165316 0.645375
0 0.419572 0.437399 0.0540939 0.218279 0.60084
0 0.55334 0.423425 0.0240545 0.168248 0.542695
0 0.21176 0.401517 0.0330703 0.0822378 0.508512
0 0.701248 0.416888 0.0373528 0.218945 0.423481
0 0.331028 0.439511 0.0537306 0.242402 0.357123
0 0.00526023 0.45 0.0105205 0.132071 0.340826
26 0.251902 0.757899 0.083273 0.260479 0.31992
0 0.55329 0.438764 0.0298714 0.203548 0.30325
26 0.986143 0.738139 0.0267422 0.437396 0.264021
26 0.223375 0.621682 0.143355 0.400689 0.256643
