0 0.769003 0.656623 0.164682 0.673245 0.925271
0 0.509207 0.615053 0.177097 0.75623 0.917417
0 0.356768 0.50708 0.0748604 0.400198 0.885796
0 0.882034 0.453254 0.0565512 0.247382 0.828203
0 0.236204 0.468135 0.0452419 0.224445 0.815036
0 0.921561 0.43678 0.0472122 0.265663 0.805727
0 0.43232 0.50412 0.0563526 0.362288 0.80157
26 0.574646 0.878726 0.0704815 0.241167 0.79821
26 0.425952 0.872424 0.074593 0.227764 0.778626
0 0.184147 0.471425 0.0461401 0.221553 0.77505
0 0.972207 0.441593 0.042868 0.243173 0.729367
0 0.0278319 0.703671 0.055278 0.580616 0.645405
0 0.574495 0.424182 0.0292253 0.167713 0.643796
0 0.712424 0.410347 0.0397906 0.20334 0.622468
26 0.0607799 0.836728 0.117513 0.31861 0.588473
0 0.613719 0.417629 0.0400166 0.218425 0.583121
0 0.0702765 0.467675 0.0532655 0.241682 0.581002
24 0.172186 0.432851 0.0261008 0.0801709 0.413935
24 0.513452 0.479347 0.104047 0.203147 0.405447
26 0.817539 0.635292 0.0370543 0.353153 0.383552
0 0.406066 0.51489 0.0348519 0.334518 0.376168
0 0.464383 0.369742 0.0269989 0.0676381 0.354362
24 0.513127 0.445527 0.0997888 0.141143 0.338708
0 0.400596 0.502987 0.0295878 0.33844 0.276636
26 0.391625 0.50082 0.0207963 0.0626522 0.269503
26 0.0638517 0.920878 0.105602 0.156773 0.264188
