0 0.666336 0.564016 0.25069 0.846193 0.940852
0 0.038074 0.695178 0.0757536 0.595418 0.911044
0 0.912422 0.66817 0.17379 0.639 0.883625
26 0.830584 0.775665 0.135788 0.42356 0.848023
0 0.0838853 0.446241 0.04913 0.214711 0.817881
0 0.127323 0.497308 0.0571036 0.289606 0.800497
0 0.520151 0.425703 0.0269079 0.159926 0.798734
0 0.374095 0.472227 0.0585781 0.160606 0.767368
0 0.366408 0.409712 0.032345 0.127486 0.70706
0 0.488108 0.413928 0.0293458 0.14689 0.686394
0 0.844527 0.424926 0.0392956 0.225629 0.626177
0 0.326707 0.448563 0.0529712 0.13064 0.62055
0 0.447054 0.468009 0.0573032 0.15587 0.487061
0 0.45584 0.410796 0.0310263 0.125682 0.477655
0 0.185217 0.373342 0.0231296 0.0539268 0.370657
0 0.0198825 0.389413 0.0303541 0.0790704 0.302476
26 0.146797 0.463503 0.0203443 0.117771 0.284062
58 0.170978 0.497262 0.0264637 0.0508371 0.281129
39 0.564891 0.945691 0.0477911 0.107588 0.279577
