0 0.660253 0.562035 0.251289 0.850421 0.938681
0 0.039411 0.693654 0.0784449 0.60089 0.91602
0 0.909569 0.668631 0.179563 0.63792 0.875324
0 0.0842376 0.446661 0.0492289 0.21633 0.825424
0 0.127396 0.497613 0.0550862 0.289657 0.822372
26 0.827091 0.774622 0.131348 0.433978 0.819471
0 0.519565 0.426098 0.0274195 0.159018 0.795875
0 0.374 0.472378 0.0588919 0.160928 0.742593
0 0.366529 0.408728 0.0319876 0.130218 0.714289
0 0.488019 0.41369 0.0289135 0.145757 0.68491
0 0.844617 0.424588 0.0368053 0.224165 0.66959
0 0.32633 0.448744 0.0522408 0.130362 0.59164
39 0.56373 0.941541 0.0448683 0.114939 0.506504
0 0.455286 0.411223 0.0276372 0.125025 0.471124
26 0.559866 0.940288 0.0531764 0.119185 0.461749
0 0.447434 0.468248 0.0507311 0.155648 0.408844
0 0.18569 0.373322 0.0229661 0.0543316 0.339343
26 0.146491 0.464009 0.0196671 0.116683 0.329018
0 0.589518 0.363645 0.0381797 0.0814896 0.287566
0 0.913617 0.366659 0.0336803 0.0962309 0.266919
0 0.0198192 0.388447 0.0311461 0.0769021 0.252936
