0 0.65439 0.561718 0.256971 0.850661 0.936644
0 0.0433659 0.696942 0.0862692 0.594968 0.928745
0 0.903485 0.666424 0.191907 0.64584 0.877432
0 0.126264 0.498765 0.0565561 0.2882 0.859603
26 0.821838 0.771242 0.124706 0.442782 0.840662
0 0.0849813 0.447116 0.0507583 0.215183 0.788874
0 0.518047 0.427055 0.028594 0.158443 0.778457
0 0.374034 0.47277 0.0589596 0.160081 0.746709
0 0.367247 0.408932 0.0328838 0.12829 0.730386
0 0.487688 0.413379 0.0285616 0.147316 0.672861
0 0.326164 0.44905 0.0520962 0.129501 0.622462
0 0.845464 0.425134 0.0389816 0.222382 0.618012
0 0.44783 0.453606 0.0493026 0.186038 0.46558
0 0.455567 0.408613 0.0251633 0.116467 0.420943
0 0.753373 0.466829 0.0655693 0.271791 0.350482
0 0.186824 0.372745 0.0225053 0.0523471 0.339947
0 0.0199671 0.386867 0.0323157 0.0738113 0.322377
0 0.74082 0.370889 0.039398 0.0753998 0.320522
0 0.422017 0.415615 0.0149911 0.122127 0.308074
0 0.753996 0.621269 0.0629473 0.577898 0.297295
39 0.549105 0.937097 0.0522909 0.12043 0.289005
58 0.171937 0.498071 0.0249392 0.0498283 0.285374
26 0.549635 0.937087 0.0551255 0.124769 0.276457
