0 0.648434 0.562692 0.261378 0.850881 0.929794
0 0.0455399 0.697374 0.0906423 0.594095 0.929746
0 0.899335 0.666269 0.200197 0.645532 0.885934
0 0.125005 0.49883 0.0585833 0.287225 0.8662
26 0.818135 0.769138 0.1224 0.449563 0.837052
0 0.516514 0.427578 0.029479 0.157223 0.761324
0 0.374061 0.4729 0.0587678 0.159307 0.760008
0 0.3673 0.408375 0.033419 0.128802 0.706342
0 0.0870164 0.446967 0.0468712 0.214722 0.678147
0 0.487495 0.414124 0.0282972 0.150139 0.673055
0 0.325949 0.449146 0.0518189 0.129423 0.637183
0 0.448045 0.468206 0.0539721 0.157137 0.570146
0 0.755745 0.619743 0.0649309 0.573572 0.471771
0 0.45443 0.410134 0.0243095 0.124998 0.456413
0 0.848709 0.423361 0.0390568 0.225994 0.429512
39 0.539895 0.926144 0.0477548 0.120649 0.339203
0 0.187428 0.372395 0.0226095 0.0524955 0.338315
58 0.171484 0.497599 0.0253845 0.051023 0.25867
