0 0.642473 0.562867 0.26879 0.851423 0.92871
0 0.0482695 0.697679 0.0960372 0.592831 0.926773
0 0.897611 0.666016 0.204066 0.648214 0.900826
0 0.124734 0.499786 0.0590659 0.285005 0.857348
26 0.814258 0.76875 0.122744 0.453648 0.801789
0 0.374155 0.472863 0.0588835 0.159057 0.754573
0 0.515994 0.427652 0.0287611 0.155568 0.750621
0 0.0894273 0.446159 0.0422096 0.217426 0.723391
0 0.487503 0.41411 0.028746 0.149948 0.702201
0 0.368591 0.403271 0.0317478 0.117822 0.630257
0 0.447747 0.465871 0.0592639 0.160452 0.628847
0 0.324926 0.448551 0.0483256 0.130787 0.494221
0 0.454125 0.408775 0.0259711 0.12146 0.467382
0 0.757185 0.617975 0.0676968 0.571999 0.397425
0 0.756819 0.493267 0.0667122 0.320376 0.352286
0 0.18811 0.371973 0.0226361 0.0517595 0.326929
58 0.171901 0.497912 0.024604 0.0501381 0.286718
0 0.85499 0.421111 0.031604 0.223558 0.253657
