0 0.635887 0.562907 0.269218 0.851465 0.943092
0 0.0525945 0.696319 0.104741 0.593218 0.921549
0 0.896231 0.664824 0.206535 0.65106 0.870537
0 0.124737 0.49993 0.0585042 0.283497 0.850828
26 0.805502 0.759474 0.123738 0.445957 0.803332
0 0.0897443 0.44472 0.0449988 0.219451 0.752737
0 0.374237 0.472696 0.0585382 0.159013 0.746563
0 0.487333 0.415101 0.028178 0.151225 0.696289
0 0.761067 0.504049 0.0681877 0.33974 0.687941
0 0.513939 0.428105 0.0294239 0.154404 0.6846
0 0.447758 0.466893 0.0602014 0.160136 0.661357
0 0.369206 0.394343 0.0307884 0.108189 0.556689
0 0.855474 0.418759 0.0393242 0.22305 0.498014
0 0.325285 0.448748 0.0483003 0.130353 0.489867
0 0.454209 0.403399 0.0258163 0.119333 0.461378
0 0.188643 0.371114 0.0220311 0.0527691 0.370241
58 0.17207 0.498162 0.0242211 0.0496483 0.316644
0 0.0195451 0.378534 0.0320526 0.0554759 0.270839
