0 0.632374 0.563222 0.269624 0.850782 0.949067
0 0.0540426 0.69614 0.107608 0.59293 0.91761
0 0.891186 0.66404 0.208811 0.651675 0.861699
0 0.124901 0.50041 0.0580572 0.283013 0.855382
26 0.80021 0.745563 0.124697 0.419256 0.815212
0 0.763731 0.527423 0.0697498 0.385025 0.770875
0 0.374422 0.471221 0.0585111 0.161482 0.750392
0 0.513294 0.42807 0.0286799 0.155372 0.749571
0 0.44698 0.466036 0.0600981 0.160732 0.66985
0 0.487612 0.413675 0.0286693 0.148948 0.666913
0 0.0904366 0.445253 0.0450117 0.220178 0.661934
0 0.369655 0.396944 0.0308288 0.114704 0.641993
0 0.856151 0.418639 0.0319675 0.222651 0.641499
0 0.325327 0.448565 0.0482168 0.130909 0.401237
0 0.454149 0.404066 0.025505 0.113874 0.393853
58 0.172071 0.497856 0.0241257 0.0502109 0.283807
0 0.18846 0.370479 0.021611 0.0513979 0.281187
0 0.0210253 0.380501 0.0344369 0.0593317 0.257142
