0 0.628122 0.565634 0.270063 0.847949 0.955393
0 0.0542499 0.697946 0.108149 0.588851 0.925639
0 0.881859 0.665256 0.207762 0.652188 0.87757
0 0.124972 0.500114 0.0572353 0.283257 0.853853
26 0.79292 0.76681 0.126171 0.456644 0.822571
0 0.767402 0.556622 0.070525 0.439824 0.819367
0 0.373906 0.471487 0.0581879 0.162072 0.765498
0 0.488664 0.413864 0.0289009 0.150316 0.730002
0 0.512787 0.429022 0.0274384 0.15576 0.719669
0 0.370424 0.400729 0.0310793 0.123956 0.701593
0 0.44754 0.465878 0.0595826 0.160988 0.66142
0 0.0951471 0.444739 0.0399693 0.221912 0.574047
0 0.325829 0.448851 0.0481973 0.130482 0.394872
0 0.188775 0.370073 0.0216516 0.0528305 0.357647
0 0.857347 0.400755 0.0270107 0.18611 0.30112
0 0.0230504 0.380351 0.0323291 0.0573212 0.288286
