0 0.624075 0.566633 0.268849 0.846155 0.950794
0 0.0536829 0.697299 0.107042 0.590321 0.928901
0 0.875445 0.668322 0.199857 0.643265 0.885786
0 0.124931 0.499532 0.0573027 0.281428 0.854441
26 0.785796 0.765979 0.125098 0.446232 0.819108
0 0.769191 0.551748 0.0708536 0.423988 0.791832
0 0.37363 0.470028 0.0579726 0.165592 0.72565
0 0.370515 0.402285 0.0315965 0.128448 0.702295
0 0.488485 0.414408 0.0280153 0.150549 0.697293
0 0.512136 0.428165 0.0273206 0.156586 0.69239
0 0.447321 0.466161 0.0593813 0.160483 0.610864
0 0.0958768 0.443981 0.0398056 0.219214 0.370903
0 0.189396 0.370166 0.022038 0.0525567 0.307784
0 0.450668 0.403294 0.0280847 0.101475 0.251559
