0 0.621511 0.567159 0.267502 0.842457 0.950176
0 0.0522244 0.69537 0.103993 0.592185 0.926335
0 0.866669 0.670641 0.20045 0.63883 0.856924
0 0.124441 0.499667 0.0567641 0.278915 0.841772
26 0.779718 0.770332 0.120888 0.450978 0.830761
0 0.770809 0.564741 0.0767424 0.443872 0.803955
0 0.373735 0.470712 0.0576439 0.164386 0.70907
0 0.487958 0.413876 0.027077 0.149235 0.680038
0 0.370899 0.400059 0.0323696 0.123696 0.671497
0 0.510985 0.427792 0.027375 0.157627 0.663524
0 0.446981 0.465451 0.0583004 0.163127 0.588832
0 0.0951185 0.442607 0.0373297 0.217961 0.543625
0 0.00604461 0.44585 0.0120892 0.139669 0.500457
0 0.951541 0.420558 0.0327457 0.194974 0.353832
0 0.85932 0.352422 0.0258627 0.0891703 0.314652
0 0.190085 0.369954 0.0220253 0.0526943 0.286799
