0 0.513563 0.613498 0.173303 0.759396 0.92231
0 0.765988 0.656578 0.162399 0.67403 0.91935
0 0.356492 0.506441 0.0731279 0.401694 0.891917
0 0.435128 0.504511 0.0618282 0.363203 0.845888
0 0.23685 0.467292 0.044943 0.22618 0.819021
0 0.184688 0.471169 0.0490615 0.222999 0.805239
0 0.922068 0.43757 0.0456779 0.267398 0.798235
0 0.883166 0.452463 0.0549355 0.249267 0.797388
26 0.430349 0.876196 0.0745628 0.227833 0.768422
26 0.576714 0.87841 0.0646702 0.24148 0.739523
0 0.025739 0.706898 0.0509163 0.568466 0.737446
0 0.9713 0.442748 0.0411758 0.24221 0.671467
26 0.0599701 0.83735 0.116696 0.319547 0.652488
0 0.0700324 0.467697 0.0542384 0.241191 0.632562
0 0.709316 0.409382 0.0361498 0.204062 0.555221
24 0.517335 0.481355 0.106539 0.198263 0.51608
0 0.615267 0.415598 0.0403529 0.217277 0.511694
0 0.405803 0.515224 0.0346399 0.32634 0.481173
26 0.813552 0.635553 0.0326012 0.341346 0.472403
24 0.517218 0.453878 0.100657 0.149759 0.398495
0 0.465233 0.368887 0.025193 0.0626018 0.357734
0 0.575748 0.423246 0.0260609 0.16526 0.285969
26 0.397545 0.503251 0.01883 0.0596737 0.268235
0 0.00408201 0.396706 0.00816403 0.0707445 0.257297
