0 0.61822 0.571089 0.264205 0.835865 0.943125
0 0.0524658 0.694937 0.104745 0.595289 0.930679
0 0.124666 0.496528 0.0561346 0.277569 0.852531
0 0.846096 0.674926 0.218451 0.630246 0.840259
26 0.771328 0.767631 0.113938 0.428628 0.767216
0 0.373648 0.471811 0.0572862 0.161728 0.756296
0 0.510199 0.426327 0.0276964 0.158935 0.725552
0 0.37171 0.401436 0.0334055 0.125607 0.698685
0 0.488014 0.412987 0.0262496 0.146469 0.688897
0 0.77259 0.551311 0.0805377 0.41261 0.643307
0 0.445418 0.464683 0.0573416 0.163886 0.640255
0 0.0951897 0.436238 0.0371687 0.20609 0.580585
0 0.00592133 0.450327 0.0118427 0.142637 0.539348
0 0.859513 0.349334 0.0272999 0.085541 0.487653
0 0.908135 0.363297 0.0379667 0.090753 0.466954
0 0.32834 0.449801 0.0536409 0.128665 0.443547
0 0.450586 0.40634 0.0276953 0.107562 0.340693
0 0.950189 0.42172 0.0299961 0.197052 0.338197
0 0.948573 0.36701 0.0267443 0.0859932 0.325246
0 0.190215 0.370089 0.0215443 0.0523343 0.2648
0 0.468052 0.413202 0.0243847 0.120253 0.250556
