0 0.614608 0.571837 0.260387 0.834206 0.946562
0 0.0525904 0.695119 0.105075 0.595326 0.922037
0 0.837422 0.675851 0.218802 0.628653 0.856369
0 0.125155 0.495467 0.0541766 0.277691 0.850846
0 0.770467 0.532586 0.0831591 0.376785 0.83373
0 0.373684 0.471326 0.0575409 0.163552 0.747965
26 0.765205 0.773761 0.110215 0.433591 0.740438
0 0.509151 0.424815 0.0266176 0.15822 0.703677
0 0.372163 0.40159 0.0333007 0.124391 0.697927
0 0.487148 0.413106 0.0245099 0.144777 0.683454
0 0.446045 0.466477 0.0583191 0.161072 0.5984
0 0.00603128 0.449899 0.0120626 0.142219 0.589835
0 0.0949644 0.4362 0.0370507 0.203794 0.575455
0 0.859734 0.346447 0.0266129 0.078958 0.512526
0 0.328298 0.450495 0.05413 0.12728 0.499463
0 0.950987 0.442388 0.0284214 0.162189 0.344953
0 0.449965 0.407557 0.0277494 0.112948 0.324357
0 0.191068 0.370986 0.0236405 0.0538273 0.290754
0 0.911776 0.363859 0.0272594 0.0897447 0.289248
