0 0.61209 0.574295 0.256436 0.82917 0.94324
0 0.0529181 0.693533 0.105836 0.607467 0.898896
0 0.83363 0.673696 0.200103 0.631202 0.869396
0 0.125079 0.495393 0.0537451 0.278079 0.83069
0 0.76878 0.512775 0.0804773 0.340961 0.788917
0 0.37387 0.472239 0.0578381 0.161487 0.738006
0 0.50624 0.423563 0.031686 0.161146 0.733153
26 0.758291 0.770006 0.0978941 0.437583 0.682565
0 0.37251 0.399615 0.0324901 0.117778 0.622814
0 0.486087 0.410052 0.0238383 0.143222 0.59755
0 0.446065 0.467979 0.0605587 0.15768 0.575415
0 0.00637857 0.451935 0.0127571 0.143298 0.555868
0 0.0943225 0.434622 0.0363919 0.19826 0.510211
0 0.860331 0.339359 0.0257366 0.0629412 0.463549
0 0.327667 0.450555 0.0531443 0.127235 0.458622
26 0.0159865 0.616415 0.0318577 0.23317 0.457311
0 0.912608 0.365009 0.0259617 0.0925105 0.38228
0 0.458637 0.412072 0.0204147 0.114004 0.298504
0 0.191678 0.371571 0.0244262 0.0551939 0.28593
0 0.444179 0.403304 0.0234453 0.106915 0.284798
