0 0.610157 0.57586 0.252912 0.82696 0.942561
0 0.823224 0.673701 0.201683 0.633634 0.895031
0 0.0533438 0.693734 0.106688 0.604631 0.892811
0 0.125426 0.495894 0.0529781 0.278617 0.838103
0 0.767203 0.499234 0.076808 0.315103 0.80623
0 0.373686 0.472999 0.0580768 0.166109 0.738705
0 0.506575 0.423743 0.0316801 0.164707 0.693233
26 0.751305 0.773872 0.0954304 0.441288 0.640905
0 0.372683 0.401332 0.031419 0.117542 0.620275
0 0.445496 0.467572 0.0572345 0.159305 0.593321
0 0.00602533 0.452824 0.0120507 0.145025 0.535687
26 0.0173999 0.622802 0.0346599 0.247512 0.502106
0 0.32725 0.450712 0.0524078 0.127136 0.50149
0 0.861758 0.336546 0.0238754 0.0569361 0.439511
0 0.485318 0.409524 0.0215812 0.14058 0.426782
0 0.0936483 0.43629 0.0385221 0.201329 0.421589
0 0.912022 0.418789 0.0277901 0.200455 0.363927
0 0.458214 0.414249 0.0204489 0.115131 0.280967
0 0.191607 0.371873 0.0237336 0.0547403 0.277394
39 0.505819 0.840725 0.036778 0.0931837 0.25481
