0 0.607862 0.576282 0.251147 0.825733 0.940679
0 0.0531135 0.694585 0.106227 0.599311 0.895666
0 0.818735 0.672267 0.193485 0.635673 0.8602
0 0.125673 0.495918 0.0533719 0.277189 0.848777
0 0.764387 0.491758 0.0709085 0.303537 0.791662
0 0.374023 0.472858 0.0587126 0.166015 0.739848
0 0.505579 0.423394 0.0297743 0.164054 0.656135
0 0.445438 0.468166 0.0568789 0.15802 0.623298
0 0.372589 0.399754 0.0311782 0.115719 0.619642
26 0.743024 0.771069 0.0995321 0.448461 0.583634
0 0.00624768 0.451975 0.0124954 0.143625 0.528246
0 0.327388 0.450104 0.0512552 0.127727 0.513418
0 0.862771 0.337217 0.0248043 0.0604791 0.468313
0 0.912964 0.418852 0.027622 0.1996 0.455105
39 0.503701 0.84396 0.0398033 0.10177 0.392021
26 0.0169643 0.625751 0.0339079 0.247943 0.364422
0 0.484155 0.407894 0.0193579 0.139168 0.363423
0 0.0945588 0.437483 0.033188 0.201135 0.341021
26 0.0180367 0.72537 0.0359471 0.451208 0.293668
0 0.460714 0.414095 0.0242073 0.122346 0.288074
0 0.940356 0.420427 0.0305525 0.197739 0.28677
0 0.19176 0.372074 0.0237355 0.0538856 0.267461
0 0.442224 0.402748 0.0233473 0.105493 0.263304
0 0.572546 0.346566 0.0316645 0.0509662 0.254256
