0 0.604609 0.574742 0.247271 0.829527 0.941484
0 0.0538487 0.69655 0.10714 0.593072 0.900568
0 0.802079 0.668975 0.209336 0.641299 0.891004
0 0.125335 0.497163 0.0530392 0.275969 0.853593
0 0.762807 0.465889 0.0602901 0.255119 0.785905
26 0.735676 0.768024 0.094166 0.457483 0.761943
0 0.373781 0.473786 0.0581809 0.164456 0.74517
0 0.444602 0.46792 0.0549727 0.156592 0.616308
0 0.372239 0.398753 0.0306461 0.111933 0.613975
0 0.507646 0.421674 0.0257619 0.159546 0.594806
0 0.327344 0.449072 0.0511125 0.130183 0.554928
0 0.00649244 0.452775 0.0129849 0.140568 0.53098
0 0.864956 0.358989 0.0269413 0.106597 0.50039
39 0.505117 0.851817 0.0362885 0.101193 0.491287
0 0.465609 0.413904 0.0287769 0.124235 0.439956
0 0.493285 0.412278 0.0211664 0.154875 0.436523
26 0.0182342 0.704547 0.0362872 0.393336 0.409841
0 0.094587 0.435557 0.0314868 0.194973 0.388794
0 0.913346 0.41814 0.028405 0.197158 0.334769
0 0.395527 0.391972 0.0153086 0.0696915 0.30459
0 0.192161 0.371801 0.0245982 0.0528285 0.302629
0 0.939406 0.422052 0.0282179 0.189017 0.278257
