0 0.603603 0.572958 0.246837 0.831206 0.937824
0 0.0544053 0.696688 0.108044 0.59235 0.901919
0 0.798993 0.665674 0.202873 0.643982 0.898389
0 0.124773 0.497216 0.051939 0.275123 0.833614
26 0.729551 0.765268 0.0904919 0.456833 0.800164
0 0.76471 0.445089 0.0605652 0.2178 0.785193
0 0.373242 0.472705 0.0588257 0.162131 0.719253
0 0.506988 0.422344 0.0264532 0.159578 0.647969
0 0.327286 0.447638 0.0521716 0.132756 0.645374
0 0.371374 0.398483 0.0292214 0.111008 0.599822
0 0.445284 0.468101 0.05576 0.15729 0.589717
0 0.00676836 0.451993 0.0135367 0.143489 0.532135
39 0.503757 0.854245 0.0371965 0.105924 0.531514
0 0.489846 0.410312 0.0258011 0.156245 0.521234
0 0.463695 0.413395 0.025613 0.123471 0.490687
26 0.0182988 0.737494 0.0363695 0.4503 0.457349
0 0.393612 0.390905 0.0161356 0.0673804 0.452612
0 0.866414 0.361246 0.0306721 0.111801 0.447061
0 0.0944697 0.432158 0.0310963 0.187346 0.359743
0 0.913273 0.419043 0.028055 0.197758 0.329415
0 0.939046 0.421431 0.0276794 0.192195 0.314872
0 0.192341 0.371868 0.0246109 0.0528327 0.308237
