0 0.600505 0.572443 0.242765 0.831899 0.936853
0 0.0574523 0.700305 0.113703 0.585654 0.914032
0 0.795751 0.66293 0.197896 0.65082 0.888507
0 0.121772 0.498175 0.0498823 0.273158 0.785781
26 0.721099 0.762858 0.0868362 0.466503 0.729375
0 0.373471 0.472763 0.0591645 0.16194 0.728317
0 0.766647 0.439808 0.055689 0.209121 0.682168
0 0.505513 0.424564 0.0283255 0.160751 0.680854
0 0.445373 0.466276 0.0555889 0.159743 0.649649
0 0.48782 0.413411 0.0257465 0.158787 0.587074
0 0.00749269 0.450014 0.0149854 0.148114 0.563493
0 0.369507 0.397702 0.0252265 0.109335 0.55182
0 0.326677 0.446465 0.0517522 0.135305 0.506517
26 0.0206791 0.750233 0.0411689 0.454361 0.447891
0 0.393159 0.389429 0.0166538 0.0674049 0.4421
0 0.913102 0.418948 0.0276031 0.198504 0.430483
0 0.463795 0.419088 0.0229277 0.11233 0.373301
0 0.867815 0.404286 0.0370581 0.199624 0.350541
0 0.192811 0.372016 0.0251284 0.0526021 0.33662
0 0.938929 0.422822 0.0281019 0.190087 0.313348
0 0.0945051 0.395764 0.0298625 0.11671 0.288279
39 0.503228 0.843556 0.0375976 0.0906418 0.253599
