0 0.599578 0.573258 0.240654 0.833971 0.941387
0 0.0584346 0.701734 0.115542 0.582723 0.904672
0 0.792607 0.66372 0.196797 0.65058 0.88139
0 0.120217 0.498506 0.0507222 0.27323 0.818321
26 0.716693 0.761607 0.0881317 0.466465 0.763808
0 0.373838 0.473475 0.0579135 0.165183 0.732832
0 0.504328 0.424596 0.0292261 0.159443 0.664254
0 0.446862 0.466277 0.0594327 0.160577 0.630578
0 0.485705 0.414885 0.0286535 0.148595 0.565549
0 0.00746768 0.450842 0.0149354 0.146473 0.553509
0 0.32676 0.445052 0.0520303 0.137965 0.539477
0 0.36902 0.398762 0.0243151 0.11344 0.529843
0 0.868629 0.417584 0.0349619 0.224747 0.484427
26 0.0190877 0.757869 0.0379641 0.457394 0.483534
0 0.768249 0.433978 0.0540812 0.19833 0.475929
0 0.390596 0.388271 0.0181846 0.0675226 0.449473
0 0.463649 0.417261 0.0212294 0.111185 0.406161
26 0.0180043 0.682716 0.0359096 0.311631 0.366878
0 0.192903 0.37195 0.024767 0.0525795 0.335899
0 0.912646 0.418777 0.0273411 0.198369 0.335393
0 0.0942527 0.394892 0.0288957 0.116257 0.260007
