0 0.598698 0.574084 0.238406 0.834335 0.939601
0 0.0587651 0.703413 0.116161 0.580289 0.919668
0 0.789061 0.66447 0.198092 0.652194 0.894515
0 0.119839 0.499264 0.0507558 0.27123 0.817461
26 0.710833 0.762807 0.0916594 0.467005 0.817177
0 0.373639 0.473579 0.0577834 0.164849 0.737548
0 0.445971 0.466401 0.0585793 0.16059 0.618297
0 0.503612 0.423952 0.0293289 0.156911 0.616056
0 0.867595 0.416567 0.0377136 0.224809 0.605813
0 0.326715 0.447916 0.0518591 0.132391 0.576567
0 0.00771053 0.449489 0.0154211 0.149698 0.568702
0 0.482614 0.416262 0.0307084 0.145248 0.495976
0 0.368962 0.396329 0.024102 0.110302 0.49131
0 0.912295 0.419002 0.0274612 0.19954 0.421815
26 0.0200693 0.669729 0.0399234 0.282618 0.397018
0 0.781602 0.351883 0.033729 0.05689 0.373746
0 0.389126 0.387361 0.0173096 0.0686658 0.339065
0 0.463279 0.413993 0.0188272 0.107779 0.335897
0 0.0941518 0.393831 0.0279675 0.113697 0.334009
0 0.936171 0.427712 0.0268885 0.180605 0.286429
0 0.19327 0.371935 0.0252905 0.0527861 0.269236
