0 0.762708 0.65834 0.161121 0.671803 0.916821
0 0.518046 0.612661 0.172591 0.761925 0.916702
0 0.356228 0.506772 0.073251 0.402767 0.886859
0 0.436331 0.503868 0.0622313 0.366601 0.830292
0 0.237076 0.467789 0.0450718 0.226517 0.823527
0 0.184509 0.472595 0.0486378 0.22241 0.810376
0 0.888552 0.453537 0.0602879 0.24908 0.783915
0 0.923137 0.436314 0.0435289 0.262494 0.775282
26 0.0585254 0.839174 0.114491 0.315519 0.74272
0 0.970709 0.443787 0.0407822 0.242997 0.737761
26 0.434347 0.875904 0.0752588 0.229107 0.723389
26 0.582815 0.878838 0.0682388 0.240356 0.69158
0 0.0236166 0.705609 0.0465902 0.567655 0.649104
0 0.070796 0.468236 0.0516123 0.240699 0.619792
26 0.811276 0.634617 0.0359749 0.342675 0.597821
24 0.52311 0.479223 0.106441 0.203317 0.538688
0 0.406784 0.516384 0.036864 0.325424 0.511083
0 0.708017 0.404655 0.0333303 0.197463 0.488151
0 0.616503 0.414911 0.0414959 0.218472 0.416139
0 0.464479 0.36891 0.0249722 0.0626473 0.338275
24 0.521749 0.442821 0.103679 0.137688 0.270241
0 0.046961 0.413507 0.0245557 0.135539 0.264664
0 0.00418611 0.396697 0.00837222 0.0705378 0.257366
