0 0.595795 0.575436 0.233307 0.833345 0.941544
0 0.0596647 0.704821 0.118465 0.579985 0.927817
0 0.785883 0.666775 0.195643 0.647753 0.901939
26 0.70254 0.764468 0.0870352 0.462451 0.826412
0 0.118848 0.499784 0.0496919 0.270056 0.761254
39 0.502239 0.861623 0.0340483 0.125999 0.738906
0 0.373531 0.473857 0.0579065 0.163959 0.717163
0 0.446379 0.465333 0.0608244 0.162652 0.643645
0 0.00734586 0.449378 0.0146917 0.149662 0.639053
0 0.870573 0.419911 0.0392229 0.234347 0.626794
0 0.503089 0.424998 0.0266762 0.159409 0.620053
0 0.326666 0.448842 0.0516655 0.130472 0.516096
0 0.480562 0.418649 0.0311496 0.137031 0.461869
0 0.912285 0.419133 0.0281658 0.199076 0.440153
0 0.368298 0.397717 0.0224263 0.11553 0.414801
26 0.0233609 0.758118 0.0461828 0.459679 0.309713
0 0.0961453 0.389741 0.0316863 0.112 0.298034
0 0.193792 0.371223 0.026028 0.0534846 0.276731
