0 0.593052 0.574717 0.231574 0.835725 0.940767
0 0.0610076 0.704839 0.1198 0.581768 0.925519
0 0.783857 0.666903 0.192571 0.647751 0.890844
26 0.701563 0.763485 0.0871298 0.462743 0.771095
39 0.501823 0.861496 0.0298574 0.129182 0.73986
0 0.373186 0.472931 0.0587215 0.161128 0.725383
0 0.116684 0.500072 0.0465394 0.268757 0.721734
0 0.375693 0.39671 0.0363178 0.114817 0.663306
0 0.871717 0.419856 0.0393641 0.234536 0.649262
0 0.00721552 0.448932 0.014431 0.150504 0.637696
0 0.445467 0.465397 0.0593369 0.162424 0.624985
0 0.502352 0.425117 0.0254952 0.159015 0.597417
0 0.477276 0.413713 0.0334779 0.146003 0.518666
0 0.327163 0.448722 0.0513481 0.130536 0.441941
26 0.136654 0.47644 0.0229852 0.119439 0.375918
0 0.035904 0.433486 0.0302058 0.138293 0.367725
0 0.979516 0.364529 0.0262238 0.0878742 0.331632
0 0.911661 0.419687 0.0279892 0.200937 0.307776
26 0.0248905 0.683587 0.0479881 0.310912 0.296194
0 0.194163 0.370763 0.0259389 0.0533501 0.295927
26 0.138962 0.506451 0.0206676 0.0651588 0.266172
0 0.954654 0.447407 0.0279312 0.152006 0.261822
0 0.335903 0.449379 0.0353436 0.129253 0.251002
