0 0.590793 0.574482 0.228138 0.835469 0.94205
0 0.0664941 0.703231 0.125665 0.584414 0.905931
0 0.779906 0.669546 0.189315 0.640521 0.860106
0 0.116644 0.498525 0.052083 0.266949 0.729424
0 0.37361 0.474516 0.0580256 0.162304 0.721324
26 0.69711 0.764594 0.0862478 0.456362 0.685013
0 0.375538 0.39768 0.0352519 0.115569 0.670774
0 0.444091 0.466969 0.0567666 0.157338 0.663791
0 0.00738785 0.450152 0.0147757 0.148165 0.62639
0 0.87322 0.418711 0.0361485 0.22828 0.607433
0 0.501428 0.424534 0.0261318 0.159444 0.586472
0 0.475389 0.413094 0.0349407 0.147094 0.57197
39 0.501606 0.861401 0.0290852 0.130813 0.552674
26 0.136671 0.472465 0.0247609 0.135572 0.527558
0 0.326335 0.449369 0.0521077 0.129801 0.518702
0 0.0371235 0.43242 0.0296109 0.136142 0.462943
0 0.911859 0.420641 0.0278927 0.200135 0.343506
26 0.0113774 0.876031 0.0225484 0.215083 0.328071
0 0.194013 0.370493 0.0254976 0.0539256 0.322128
0 0.978357 0.364345 0.0277145 0.0879377 0.313684
26 0.139507 0.50696 0.0242993 0.0669774 0.31159
26 0.138146 0.492752 0.0237729 0.0956642 0.273455
0 0.952137 0.448463 0.024115 0.150443 0.259185
