0 0.589151 0.574941 0.225706 0.833054 0.943544
0 0.0700078 0.701856 0.127728 0.58809 0.906216
0 0.77639 0.668776 0.188532 0.640965 0.857856
0 0.373432 0.475351 0.0589099 0.15902 0.709094
26 0.695395 0.763823 0.0861706 0.454581 0.677602
0 0.375042 0.398548 0.0342014 0.116224 0.651802
0 0.00746007 0.449972 0.0149201 0.147767 0.647793
0 0.114568 0.497373 0.0508494 0.268725 0.62852
0 0.444764 0.466418 0.0580091 0.159321 0.622543
0 0.874344 0.419815 0.0385246 0.230965 0.620167
39 0.501188 0.863501 0.0321234 0.133961 0.552852
0 0.500564 0.423951 0.0259956 0.157158 0.545018
0 0.0375088 0.4328 0.0299752 0.138922 0.486522
26 0.136377 0.472572 0.0287184 0.135013 0.423577
0 0.4675 0.408435 0.0227852 0.135232 0.376234
26 0.0124699 0.870098 0.0247157 0.213351 0.361261
0 0.326958 0.44921 0.051202 0.130287 0.359113
0 0.912166 0.420294 0.0293463 0.20007 0.338003
0 0.475384 0.413601 0.036832 0.143304 0.33458
26 0.139891 0.506085 0.0258763 0.0708987 0.330244
0 0.194394 0.370547 0.0247674 0.053992 0.325799
0 0.952025 0.447883 0.0239906 0.149832 0.268835
13 0.412461 0.513285 0.0741331 0.0687951 0.266984
0 0.335464 0.449677 0.0355363 0.130221 0.254086
