0 0.586563 0.576471 0.220615 0.832119 0.942576
0 0.075123 0.70145 0.13338 0.588796 0.909651
0 0.772673 0.668531 0.190789 0.645205 0.873729
26 0.692503 0.764051 0.089356 0.453305 0.824192
0 0.37353 0.473883 0.0577854 0.162807 0.69266
0 0.876611 0.421614 0.0427111 0.22696 0.69179
0 0.375089 0.398845 0.0335739 0.117373 0.670389
0 0.00702865 0.451795 0.0140573 0.143841 0.622867
0 0.0379521 0.432533 0.0293915 0.139703 0.570754
39 0.500713 0.863799 0.0328407 0.134772 0.557368
0 0.44522 0.465815 0.0582227 0.16161 0.55435
0 0.499615 0.421022 0.0266058 0.152755 0.428109
0 0.920279 0.418872 0.0461351 0.199441 0.403238
0 0.327069 0.449249 0.0510875 0.130282 0.39783
26 0.138874 0.489149 0.0310645 0.109427 0.38531
26 0.014473 0.868802 0.0286196 0.21247 0.346726
0 0.118366 0.495334 0.064996 0.258295 0.319033
0 0.194513 0.370347 0.0243607 0.0537311 0.302039
0 0.952669 0.447383 0.0251509 0.149609 0.30054
0 0.984948 0.603592 0.0291523 0.515408 0.298848
0 0.465882 0.406069 0.022123 0.134766 0.283344
13 0.419974 0.513955 0.0586943 0.067559 0.259968
0 0.990064 0.605497 0.0189354 0.504117 0.257002
0 0.975257 0.363946 0.0305912 0.0860704 0.254676
28 0.0144973 0.869937 0.0286641 0.20899 0.253288
