0 0.583368 0.580592 0.217446 0.825108 0.942458
0 0.080951 0.701362 0.132571 0.589442 0.899548
0 0.766749 0.674195 0.194484 0.634244 0.886052
26 0.691923 0.764147 0.0872548 0.458453 0.818201
0 0.373076 0.473864 0.0579451 0.158853 0.726462
0 0.37533 0.39662 0.0341431 0.113138 0.661985
0 0.877926 0.421854 0.0403667 0.225728 0.637233
0 0.00705288 0.44807 0.0141058 0.15136 0.58591
0 0.44471 0.466024 0.0575806 0.160289 0.584799
26 0.0175035 0.868052 0.0347827 0.20194 0.524264
0 0.325988 0.44985 0.0514196 0.128822 0.493714
0 0.687688 0.477631 0.0685867 0.279753 0.470736
0 0.463608 0.405657 0.0222731 0.136389 0.417747
39 0.499202 0.866686 0.033584 0.137496 0.368561
0 0.0394062 0.432156 0.0299423 0.14071 0.367767
0 0.984594 0.601061 0.0298668 0.521445 0.359573
0 0.194265 0.370791 0.0253034 0.0542764 0.331815
0 0.499109 0.418252 0.0264864 0.150207 0.314305
0 0.990824 0.604718 0.0174557 0.518572 0.311963
0 0.920656 0.418517 0.045719 0.200272 0.304595
0 0.827978 0.466936 0.0760086 0.253881 0.286089
0 0.953867 0.445517 0.0266277 0.149534 0.27049
0 0.481078 0.411551 0.0216286 0.140653 0.252027
