0 0.580191 0.582057 0.215596 0.822478 0.940551
0 0.0828252 0.700789 0.127643 0.589452 0.900807
0 0.76232 0.671855 0.193105 0.636218 0.884499
26 0.689311 0.762865 0.0879265 0.462935 0.807741
0 0.373111 0.473151 0.0579494 0.160265 0.737009
0 0.375814 0.386893 0.0347668 0.0931919 0.650919
0 0.878325 0.421201 0.0397995 0.225795 0.632106
0 0.00669586 0.449879 0.0133917 0.146658 0.62199
0 0.687902 0.472555 0.0708761 0.276953 0.554555
0 0.446946 0.464647 0.0609398 0.163848 0.52994
26 0.0206489 0.868933 0.0409688 0.197577 0.514357
0 0.324988 0.449489 0.050057 0.129619 0.482896
0 0.478242 0.415104 0.0247494 0.143714 0.449941
0 0.0398029 0.432731 0.0298493 0.140934 0.444518
0 0.984875 0.595136 0.0292664 0.538016 0.404984
39 0.496795 0.864546 0.0337517 0.134762 0.396758
0 0.4605 0.404964 0.0221378 0.13056 0.394771
0 0.990927 0.594414 0.0172283 0.539433 0.391099
0 0.92054 0.418208 0.0454361 0.199653 0.382712
0 0.499296 0.417896 0.0255867 0.150725 0.355068
0 0.11196 0.449104 0.0525742 0.191114 0.350377
0 0.437122 0.383558 0.0265759 0.0662838 0.302907
0 0.971118 0.366354 0.0285641 0.090063 0.298606
0 0.194378 0.370472 0.0253115 0.0546685 0.274189
0 0.0753464 0.381659 0.0218634 0.0637129 0.259087
