0 0.577683 0.583921 0.213312 0.819644 0.933671
0 0.0881513 0.701857 0.12417 0.587343 0.892814
0 0.754701 0.67281 0.202066 0.636119 0.887777
0 0.373107 0.472018 0.0578279 0.162535 0.739293
26 0.689247 0.757016 0.0865109 0.461924 0.696534
0 0.376515 0.388639 0.034332 0.0958411 0.634884
0 0.878461 0.419484 0.0399328 0.220695 0.625891
0 0.687407 0.471173 0.0673219 0.269942 0.620452
0 0.990783 0.42878 0.0177866 0.204572 0.586047
0 0.00672208 0.446696 0.0134442 0.153326 0.569219
0 0.0407046 0.433314 0.0290463 0.14278 0.556197
0 0.325869 0.449647 0.0520221 0.129161 0.551888
0 0.447162 0.464964 0.0613825 0.162696 0.536337
0 0.478477 0.41229 0.0250094 0.142654 0.501423
39 0.493649 0.864642 0.0335304 0.135845 0.487148
0 0.837571 0.616834 0.0707197 0.555904 0.393857
0 0.83789 0.487771 0.0707598 0.294589 0.388558
26 0.0244213 0.866693 0.0488426 0.197237 0.376799
0 0.920614 0.418831 0.0451649 0.199879 0.370279
0 0.458558 0.397212 0.0191819 0.124748 0.355615
0 0.0762194 0.382012 0.0208904 0.06034 0.307488
0 0.120381 0.445333 0.0676093 0.216376 0.306538
0 0.436781 0.38487 0.0269743 0.0733628 0.305172
13 0.410063 0.512022 0.0789423 0.0712823 0.289399
0 0.961556 0.430446 0.0423897 0.188428 0.278455
