0 0.570931 0.585114 0.210799 0.816236 0.93467
0 0.0922372 0.701147 0.118919 0.589974 0.904404
0 0.752221 0.67103 0.201483 0.640205 0.902176
26 0.68592 0.758627 0.082045 0.470468 0.811484
0 0.841054 0.611193 0.0748512 0.546876 0.745471
0 0.373452 0.473526 0.0574242 0.163558 0.730113
0 0.9892 0.433199 0.0208794 0.219046 0.689004
0 0.326417 0.449769 0.0524784 0.128982 0.603742
0 0.377379 0.39371 0.0337029 0.106866 0.59589
26 0.0287317 0.86503 0.0574634 0.189935 0.594593
0 0.0416801 0.433151 0.0314087 0.141146 0.57089
0 0.00700653 0.449065 0.0140131 0.146379 0.556654
0 0.878792 0.417022 0.0409405 0.222179 0.541299
0 0.449814 0.467829 0.0541733 0.15884 0.49415
0 0.689515 0.465194 0.0586192 0.250272 0.473671
0 0.960201 0.421957 0.0409233 0.203746 0.458131
0 0.109792 0.449002 0.0442739 0.177278 0.408575
0 0.479625 0.407118 0.022385 0.135202 0.357752
0 0.456443 0.395354 0.017499 0.122653 0.33011
0 0.435636 0.383591 0.0252973 0.0718247 0.303422
0 0.919077 0.418913 0.0422552 0.200157 0.287086
26 0.138512 0.474448 0.0389118 0.148721 0.278598
39 0.485087 0.864396 0.0399814 0.135011 0.257597
