0 0.564906 0.586669 0.211178 0.813265 0.937267
0 0.0962749 0.700072 0.114949 0.591975 0.920543
0 0.753399 0.670006 0.195706 0.641222 0.892723
0 0.844519 0.615551 0.0759109 0.558374 0.825292
26 0.680928 0.758463 0.0836111 0.475999 0.813702
0 0.373416 0.474481 0.0572197 0.16252 0.71133
0 0.987803 0.436569 0.0237099 0.227641 0.670919
26 0.0320858 0.861636 0.0641716 0.185909 0.643111
0 0.0414422 0.432343 0.0345572 0.139387 0.637674
0 0.326563 0.4497 0.0528306 0.129129 0.626266
0 0.69142 0.486178 0.0664878 0.285386 0.620485
0 0.444198 0.467025 0.0559157 0.159803 0.602368
0 0.879823 0.422011 0.0395487 0.22531 0.578248
0 0.960421 0.422735 0.04048 0.203787 0.573037
0 0.37642 0.39535 0.0359482 0.106352 0.562758
0 0.00752492 0.451783 0.0150498 0.138786 0.528641
39 0.481023 0.86556 0.0392373 0.133847 0.524614
0 0.00799756 0.686806 0.0157947 0.180069 0.350384
0 0.917802 0.420507 0.039407 0.200205 0.297438
0 0.47944 0.40802 0.0232862 0.137786 0.285921
13 0.412729 0.51066 0.0737079 0.0734617 0.283177
0 0.111387 0.451963 0.0440528 0.178491 0.254486
