0 0.526272 0.608591 0.17363 0.769666 0.922542
0 0.756542 0.659444 0.1578 0.664704 0.919356
0 0.356612 0.507642 0.0721371 0.406655 0.882893
0 0.184522 0.471957 0.0473278 0.223441 0.844687
0 0.2375 0.468261 0.045611 0.225708 0.827312
0 0.434088 0.50966 0.0561895 0.378501 0.82358
0 0.926158 0.436362 0.0444714 0.258764 0.804053
26 0.593886 0.876726 0.0762554 0.245916 0.796695
0 0.891149 0.451215 0.0530033 0.249445 0.789578
0 0.969028 0.44218 0.037693 0.245571 0.721433
0 0.0720904 0.468064 0.0512647 0.241135 0.719747
26 0.440565 0.871121 0.0760597 0.238043 0.697692
26 0.808768 0.634627 0.0415501 0.34094 0.684242
26 0.0552757 0.833745 0.109955 0.325031 0.556676
0 0.404909 0.513716 0.0424793 0.334385 0.543041
24 0.528374 0.479102 0.100934 0.23137 0.535555
0 0.618842 0.413658 0.0377323 0.216127 0.461288
0 0.463382 0.372873 0.0256296 0.0731164 0.440787
0 0.0303036 0.495686 0.0307031 0.172452 0.382621
24 0.529163 0.439559 0.10255 0.152102 0.362675
0 0.0225317 0.702771 0.0439511 0.566216 0.35359
0 0.0217801 0.549388 0.0434919 0.25623 0.352253
0 0.838533 0.426948 0.0388855 0.199132 0.327559
0 0.0475456 0.41418 0.0245013 0.137479 0.309276
0 0.70734 0.347745 0.0257835 0.0868678 0.299992
0 0.00418291 0.396427 0.00836583 0.0694955 0.278226
26 0.804771 0.692241 0.0322357 0.226344 0.275026
