0 0.557806 0.587288 0.209134 0.811432 0.944663
0 0.101994 0.697337 0.109934 0.597553 0.913994
0 0.750904 0.667383 0.190376 0.646663 0.900508
26 0.676643 0.748679 0.0876405 0.468133 0.883709
0 0.847274 0.615634 0.0785934 0.56246 0.841582
0 0.985397 0.463207 0.0282446 0.287366 0.762974
0 0.373458 0.475037 0.0571764 0.161675 0.695641
0 0.0422246 0.432926 0.0349187 0.139148 0.617888
0 0.44223 0.466807 0.0528295 0.160755 0.609047
0 0.00892307 0.454228 0.0178461 0.132242 0.603522
0 0.326486 0.449631 0.0526653 0.129197 0.584581
0 0.880704 0.417155 0.0388519 0.220633 0.549672
26 0.0360197 0.859759 0.0720394 0.191002 0.541393
0 0.377455 0.389471 0.0357231 0.093329 0.527259
0 0.687655 0.505736 0.0737772 0.313801 0.525929
0 0.00961502 0.67534 0.0190676 0.199031 0.456799
0 0.958415 0.422074 0.0362757 0.201219 0.371507
0 0.917589 0.420501 0.0392105 0.197732 0.347842
0 0.0782378 0.377806 0.0165222 0.0550785 0.274326
58 0.169721 0.498509 0.0285319 0.0507131 0.265718
26 0.875022 0.566549 0.0206882 0.0677202 0.264358
