0 0.551533 0.586472 0.21076 0.813146 0.949726
0 0.105322 0.697562 0.106829 0.596509 0.912445
0 0.748834 0.666818 0.189327 0.649077 0.905587
26 0.672678 0.741696 0.0913373 0.462615 0.860147
0 0.848456 0.615742 0.082267 0.566097 0.855698
0 0.980255 0.46353 0.0387074 0.287429 0.797912
0 0.373154 0.472513 0.0582003 0.161734 0.67672
0 0.326414 0.449802 0.0528681 0.129551 0.622946
0 0.0427599 0.434004 0.0341917 0.139675 0.622162
0 0.688494 0.478706 0.0749943 0.256482 0.620925
0 0.44137 0.467624 0.0515413 0.156918 0.567868
26 0.0385978 0.820666 0.0744094 0.275256 0.560776
0 0.00853299 0.457702 0.017066 0.125809 0.523347
26 0.0384806 0.861802 0.074917 0.19369 0.516772
0 0.8052 0.37548 0.0202854 0.0955755 0.46939
0 0.881308 0.394228 0.0370735 0.174221 0.462102
0 0.376794 0.38916 0.0357722 0.0923642 0.449813
0 0.0104912 0.669508 0.0207405 0.203996 0.406745
0 0.917314 0.421175 0.0370777 0.197109 0.299756
0 0.121903 0.382989 0.0304826 0.0937587 0.282752
0 0.109653 0.428362 0.0403506 0.134127 0.278381
26 0.877442 0.563018 0.0214138 0.058762 0.260647
0 0.95737 0.422349 0.0335495 0.200858 0.259998
