0 0.544939 0.583877 0.211501 0.816649 0.95331
0 0.107704 0.697488 0.1052 0.597214 0.914506
0 0.744892 0.665861 0.187978 0.650416 0.890355
0 0.849235 0.615686 0.0845327 0.567368 0.850796
26 0.670285 0.743872 0.0933709 0.47385 0.825636
0 0.977075 0.46409 0.0449631 0.284396 0.819364
0 0.0110135 0.668576 0.0217826 0.209993 0.715068
0 0.685994 0.502351 0.0825029 0.300323 0.649048
0 0.0423731 0.433981 0.033369 0.140874 0.640553
0 0.373076 0.471431 0.0580107 0.163234 0.628664
26 0.0436693 0.854934 0.0698652 0.209312 0.600532
0 0.326755 0.449658 0.0530401 0.129524 0.554515
0 0.37851 0.387659 0.0346789 0.0936405 0.545378
0 0.805218 0.379534 0.0232273 0.101587 0.4929
0 0.00941006 0.450474 0.0188044 0.141369 0.486759
0 0.12255 0.389096 0.0295664 0.109908 0.354618
0 0.111287 0.434459 0.0432576 0.146379 0.333338
0 0.881639 0.359468 0.0363415 0.108172 0.312876
0 0.916629 0.421844 0.0366369 0.198406 0.297229
0 0.881848 0.392941 0.0369595 0.172991 0.287649
