0 0.53565 0.583318 0.212437 0.821394 0.948662
0 0.112204 0.697303 0.105505 0.596529 0.916825
0 0.738134 0.666213 0.187297 0.648035 0.893062
0 0.84996 0.620003 0.0919743 0.570235 0.871245
26 0.665754 0.743767 0.0933105 0.468961 0.868028
0 0.974055 0.464933 0.050985 0.279968 0.798568
0 0.011863 0.668656 0.0234727 0.213893 0.753165
0 0.687069 0.473791 0.0773719 0.253189 0.7092
0 0.0433826 0.433422 0.0322842 0.142999 0.665531
0 0.372976 0.47008 0.0577171 0.165432 0.620748
0 0.805174 0.383809 0.0248051 0.113076 0.617342
0 0.380544 0.385458 0.0327697 0.0922894 0.615377
0 0.327052 0.449482 0.0534883 0.129863 0.5769
26 0.0504008 0.861549 0.0616951 0.20006 0.538807
0 0.914609 0.421738 0.0351515 0.204157 0.485238
0 0.009342 0.448604 0.018684 0.141484 0.422711
0 0.881652 0.390676 0.0399792 0.171233 0.419349
0 0.359065 0.395017 0.0157216 0.0850455 0.367327
0 0.436574 0.439624 0.0341192 0.101396 0.365073
0 0.12397 0.391746 0.0311842 0.117759 0.350706
28 0.0506283 0.862889 0.06155 0.197639 0.302354
