0 0.530801 0.583096 0.21494 0.821657 0.944825
0 0.733068 0.667528 0.186875 0.64472 0.896845
0 0.115377 0.697261 0.108241 0.595741 0.895548
0 0.850293 0.624434 0.0986481 0.573642 0.886234
26 0.66282 0.738379 0.0900314 0.460014 0.855278
0 0.973599 0.464819 0.0519073 0.279128 0.837796
0 0.690099 0.463381 0.0750259 0.231859 0.799887
0 0.0123152 0.671767 0.0243651 0.213769 0.742381
0 0.806514 0.388535 0.0253304 0.120112 0.696523
0 0.0437813 0.432974 0.0331301 0.14339 0.672605
0 0.380835 0.38492 0.0329279 0.0925478 0.625203
0 0.373639 0.47143 0.057053 0.161139 0.590199
0 0.327004 0.449679 0.0530531 0.129383 0.583225
26 0.056119 0.863718 0.0550066 0.20082 0.574599
0 0.882404 0.389164 0.0406853 0.166209 0.495113
0 0.914256 0.420137 0.0329779 0.200515 0.415799
0 0.358828 0.394146 0.0151856 0.0823869 0.356785
0 0.00922294 0.445249 0.0184459 0.137713 0.345445
0 0.433429 0.440443 0.0330437 0.0927176 0.320776
0 0.123771 0.390429 0.0298319 0.115125 0.292144
