0 0.523862 0.584142 0.217757 0.818197 0.938729
0 0.850275 0.626925 0.106725 0.576137 0.904255
0 0.726317 0.670563 0.181614 0.641087 0.888701
0 0.97373 0.464726 0.0511904 0.279232 0.87111
26 0.658678 0.741176 0.0862722 0.448685 0.866217
0 0.116184 0.696371 0.103153 0.601171 0.8412
0 0.0124576 0.679643 0.024685 0.206364 0.750687
26 0.0627227 0.866676 0.0484034 0.203326 0.739367
0 0.0456342 0.432384 0.0347458 0.144551 0.716815
0 0.372725 0.471813 0.0571849 0.162679 0.698671
0 0.381928 0.38264 0.0329082 0.0901393 0.673633
0 0.808106 0.393589 0.0274857 0.130797 0.64537
26 0.156024 0.716658 0.0373067 0.203397 0.587872
0 0.883751 0.39198 0.0400459 0.170929 0.575811
0 0.32548 0.449607 0.0516706 0.129539 0.529128
0 0.357054 0.394212 0.0147877 0.0819149 0.381477
0 0.00824775 0.450559 0.0164955 0.122929 0.366718
0 0.694133 0.455779 0.0785026 0.218877 0.366337
0 0.687135 0.483372 0.0929015 0.273325 0.315386
0 0.202275 0.36843 0.023536 0.0552543 0.292237
0 0.431958 0.439677 0.0310933 0.0999634 0.280198
26 0.153249 0.691153 0.0430849 0.251651 0.252077
0 0.913273 0.421286 0.028517 0.197941 0.250013
