0 0.519773 0.583749 0.2204 0.814899 0.937308
0 0.852967 0.628867 0.107419 0.575478 0.903332
0 0.721007 0.673264 0.178728 0.635966 0.881275
26 0.65539 0.743871 0.0832129 0.44707 0.857099
0 0.973602 0.464528 0.0503994 0.279087 0.848727
0 0.116117 0.697563 0.101917 0.59957 0.834465
0 0.372747 0.471362 0.0569312 0.163844 0.736228
0 0.0123982 0.683909 0.024478 0.199486 0.729851
0 0.0462648 0.432779 0.0326837 0.142201 0.708867
26 0.0662829 0.868181 0.0464478 0.201462 0.698132
0 0.382733 0.382845 0.0326164 0.0900564 0.689981
26 0.156258 0.712721 0.0444839 0.221062 0.642266
0 0.809744 0.39318 0.026994 0.131727 0.636056
0 0.324567 0.449863 0.0499212 0.128758 0.566597
0 0.885669 0.389148 0.0405403 0.167842 0.486194
0 0.356067 0.394525 0.0158835 0.081573 0.414449
0 0.00619635 0.451485 0.0123927 0.123783 0.382517
0 0.687429 0.475434 0.104485 0.270099 0.348087
26 0.649508 0.839067 0.0714746 0.24683 0.314883
0 0.202565 0.368165 0.0232668 0.0548684 0.280739
0 0.951172 0.366198 0.0252964 0.0964338 0.252986
