0 0.515514 0.584754 0.221876 0.816304 0.944106
0 0.854746 0.631089 0.109151 0.576065 0.9006
0 0.716039 0.673507 0.179749 0.634178 0.880551
26 0.651504 0.743876 0.0828363 0.447555 0.838053
0 0.114133 0.698298 0.0989936 0.599043 0.834125
0 0.972182 0.464066 0.0475159 0.280913 0.83299
0 0.372734 0.471459 0.0569093 0.163067 0.739959
0 0.811061 0.40056 0.0297032 0.146152 0.728498
26 0.0699001 0.867639 0.0489935 0.201023 0.707615
0 0.0461007 0.433122 0.0325335 0.141926 0.703649
0 0.0124124 0.688351 0.0245283 0.189414 0.697809
0 0.383109 0.383491 0.032877 0.0904071 0.697168
26 0.16072 0.711569 0.0420681 0.229076 0.62881
0 0.325775 0.449584 0.0515652 0.130043 0.593389
0 0.354989 0.394551 0.0174948 0.0816637 0.528718
0 0.707172 0.433911 0.0762135 0.185059 0.435745
0 0.884668 0.392078 0.0356621 0.161443 0.381027
0 0.00598686 0.449351 0.0119737 0.124089 0.340346
0 0.203119 0.367788 0.0230831 0.0563159 0.32343
0 0.42711 0.41536 0.0243679 0.146145 0.317002
26 0.644949 0.84183 0.0695259 0.244489 0.292261
