0 0.510352 0.584926 0.224095 0.815064 0.945037
0 0.857132 0.635534 0.11263 0.577833 0.913513
0 0.708197 0.673147 0.177997 0.639924 0.90068
0 0.109608 0.695869 0.101183 0.602857 0.830375
0 0.969012 0.464032 0.0462845 0.282165 0.815817
0 0.81399 0.414453 0.0315491 0.17492 0.799257
0 0.372638 0.471445 0.0565824 0.163044 0.747947
0 0.0459288 0.432014 0.0308823 0.145312 0.740418
26 0.643441 0.746829 0.0805621 0.440459 0.721691
26 0.0747495 0.867889 0.0513451 0.202195 0.695931
26 0.161717 0.715013 0.0458569 0.229779 0.695929
0 0.383611 0.384126 0.0332529 0.089786 0.673337
0 0.326045 0.45022 0.0521613 0.128665 0.634836
0 0.353297 0.396162 0.0178247 0.0787243 0.579175
0 0.88642 0.38821 0.0338779 0.152245 0.531352
0 0.427356 0.420891 0.0274052 0.144847 0.495855
26 0.637577 0.84614 0.0692272 0.230633 0.491205
0 0.0121191 0.691963 0.0240056 0.177612 0.46455
0 0.00595315 0.441322 0.0119063 0.135856 0.406016
0 0.203809 0.36812 0.0231579 0.0583577 0.350592
0 0.0191324 0.426323 0.0229136 0.151643 0.312635
0 0.911795 0.417331 0.0271301 0.196101 0.268543
58 0.259462 0.398755 0.0828606 0.107549 0.256325
