0 0.507926 0.584318 0.223537 0.813816 0.945118
0 0.860083 0.63619 0.111944 0.580562 0.908241
0 0.704359 0.676201 0.175134 0.63441 0.901113
26 0.637135 0.741206 0.0757339 0.431599 0.871978
0 0.109321 0.698419 0.108014 0.601392 0.842527
0 0.966042 0.463367 0.0459435 0.283972 0.834839
0 0.815211 0.421188 0.0314629 0.187261 0.786465
0 0.046141 0.431758 0.0300661 0.145784 0.732819
0 0.372541 0.473043 0.0563291 0.160271 0.721237
26 0.16286 0.714385 0.0457149 0.234389 0.689365
0 0.384136 0.386175 0.0334417 0.0933599 0.686235
0 0.0121107 0.690982 0.0239853 0.175541 0.530145
26 0.07558 0.890107 0.0508003 0.158799 0.495929
0 0.351619 0.395845 0.0178804 0.0761954 0.479521
0 0.324666 0.449977 0.0485743 0.129368 0.436356
0 0.425967 0.416987 0.0278482 0.154635 0.429406
0 0.203877 0.368104 0.0231531 0.0585036 0.371435
0 0.889436 0.387042 0.0357708 0.145261 0.350942
0 0.0062482 0.44176 0.0124964 0.139789 0.34414
0 0.0197064 0.425746 0.0219611 0.152639 0.3228
