0 0.531918 0.604347 0.17891 0.777424 0.923625
0 0.752203 0.661965 0.15734 0.662216 0.918672
0 0.357295 0.509444 0.072804 0.407245 0.879871
0 0.185588 0.473432 0.0447195 0.222077 0.840957
0 0.434598 0.512575 0.05738 0.385626 0.827371
26 0.599548 0.872739 0.0766653 0.252073 0.825536
0 0.237501 0.468658 0.0450373 0.226564 0.8246
26 0.444477 0.87512 0.075523 0.226345 0.809811
0 0.927437 0.437443 0.0442558 0.258985 0.805564
0 0.894345 0.451207 0.0504768 0.249946 0.773583
0 0.968123 0.441196 0.0388004 0.243058 0.730031
0 0.0715176 0.467805 0.0531137 0.24093 0.719054
0 0.0201136 0.553534 0.0402273 0.24393 0.697893
24 0.0532406 0.833821 0.106132 0.324088 0.661091
0 0.620417 0.415826 0.0362924 0.222309 0.616216
0 0.405428 0.511442 0.0415972 0.328434 0.5855
0 0.0312055 0.495832 0.0323361 0.173014 0.563184
24 0.535822 0.462108 0.10463 0.198276 0.524966
26 0.802881 0.633817 0.0387849 0.347836 0.456106
0 0.00443958 0.396819 0.00887917 0.070269 0.377658
0 0.463061 0.376608 0.024834 0.0802977 0.350386
24 0.534596 0.427591 0.103277 0.132889 0.349034
0 0.0480484 0.414772 0.0243258 0.138131 0.339456
26 0.800326 0.694308 0.0314366 0.225601 0.311605
0 0.0336893 0.380982 0.0216835 0.0711631 0.269407
