0 0.504763 0.585603 0.222481 0.811973 0.943063
0 0.863369 0.634703 0.111154 0.584006 0.904269
0 0.704055 0.671912 0.182594 0.63961 0.90127
0 0.104887 0.698193 0.108862 0.603614 0.851152
0 0.962251 0.462704 0.0466976 0.282892 0.84588
26 0.632405 0.734866 0.0781109 0.433388 0.805088
0 0.816473 0.425738 0.0308243 0.195598 0.757914
0 0.372456 0.474907 0.0568309 0.157238 0.723842
0 0.384713 0.386856 0.0337208 0.0930404 0.720168
0 0.046161 0.432193 0.0303388 0.14541 0.695849
26 0.162198 0.717408 0.0464412 0.233373 0.636452
26 0.0768721 0.870868 0.0488093 0.197691 0.574505
0 0.424487 0.417437 0.0294708 0.133319 0.567767
0 0.0126145 0.68802 0.0250082 0.168709 0.53466
0 0.349735 0.396183 0.0203291 0.0787423 0.514792
0 0.325793 0.44991 0.0505497 0.129841 0.437649
0 0.122216 0.429046 0.0369197 0.193437 0.416003
0 0.20465 0.368268 0.0226808 0.0584707 0.387299
0 0.89943 0.416952 0.0494852 0.212825 0.358794
0 0.755579 0.425964 0.0482046 0.178964 0.348195
0 0.00608247 0.44138 0.0121512 0.146727 0.342893
0 0.0185959 0.429727 0.0204246 0.150505 0.316633
26 0.626599 0.838078 0.0681297 0.226334 0.281083
