0 0.501992 0.586111 0.220729 0.809149 0.943618
0 0.866907 0.634155 0.112344 0.586263 0.909196
0 0.701717 0.669767 0.180477 0.64419 0.871245
0 0.102964 0.693454 0.112265 0.613091 0.845894
0 0.96029 0.464434 0.0464024 0.282398 0.820539
26 0.627014 0.730247 0.0765898 0.433761 0.812544
0 0.765453 0.505556 0.0686884 0.337799 0.794423
0 0.817167 0.427667 0.029949 0.200228 0.756914
0 0.384448 0.386852 0.0325692 0.0908686 0.734098
0 0.0467246 0.432591 0.0303772 0.145694 0.718218
26 0.0783329 0.867453 0.0483224 0.203904 0.707816
0 0.372541 0.476816 0.0572102 0.153262 0.691133
26 0.159719 0.718646 0.0488391 0.231726 0.595429
0 0.349105 0.395531 0.0199597 0.0788656 0.495138
0 0.122482 0.433461 0.0374492 0.196763 0.476127
0 0.0131759 0.746665 0.0261189 0.287132 0.473078
0 0.0186989 0.42895 0.0216336 0.149791 0.430154
0 0.424001 0.405857 0.0312664 0.137083 0.429127
0 0.205188 0.368305 0.0219088 0.0589154 0.40874
0 0.326477 0.4499 0.0516312 0.129374 0.396129
0 0.00618264 0.44759 0.0123639 0.131663 0.371898
26 0.622974 0.83054 0.0687456 0.227166 0.361518
0 0.00781722 0.437994 0.0155902 0.14737 0.280463
0 0.90043 0.420334 0.0492542 0.208149 0.271886
