0 0.499158 0.587346 0.216443 0.806921 0.953025
0 0.869886 0.633144 0.112139 0.588077 0.906129
0 0.7008 0.668563 0.191715 0.64549 0.863528
0 0.101889 0.697906 0.116798 0.604189 0.83474
0 0.766693 0.508333 0.0727854 0.342962 0.818031
0 0.957282 0.46269 0.048101 0.28546 0.812679
26 0.622399 0.728058 0.075054 0.432991 0.773277
0 0.818686 0.427477 0.0304295 0.199462 0.765437
0 0.372571 0.47693 0.0573331 0.152972 0.709424
0 0.0466583 0.432787 0.0318696 0.145681 0.701977
0 0.384758 0.3871 0.0325226 0.0908981 0.693353
0 0.0138307 0.74705 0.0274507 0.288462 0.609265
26 0.157943 0.705558 0.0461078 0.2586 0.562881
26 0.0790994 0.863781 0.0472888 0.204424 0.562427
0 0.347845 0.396248 0.0204458 0.0777652 0.52143
26 0.966648 0.41709 0.0307182 0.108954 0.502526
0 0.32694 0.450023 0.0523973 0.12942 0.464415
0 0.122381 0.433159 0.0366474 0.193782 0.464326
0 0.205918 0.368017 0.0218732 0.0583564 0.380646
0 0.0198606 0.426949 0.0220171 0.152826 0.374248
0 0.42394 0.39964 0.0319223 0.142504 0.370788
26 0.619272 0.830342 0.0680778 0.219727 0.361876
0 0.00629131 0.442529 0.0125826 0.144533 0.354508
26 0.0147427 0.725927 0.0292336 0.0845371 0.264157
