0 0.496657 0.589285 0.212775 0.804532 0.947138
0 0.69019 0.669391 0.180275 0.647385 0.908145
0 0.873332 0.632435 0.11058 0.590444 0.906148
26 0.154044 0.676665 0.0516669 0.316335 0.891085
0 0.954095 0.461958 0.050478 0.28507 0.848546
0 0.103205 0.700492 0.125922 0.590365 0.830157
0 0.819543 0.42898 0.0284523 0.198307 0.79331
0 0.770295 0.509467 0.0794714 0.339809 0.791182
26 0.61611 0.721191 0.0749969 0.42672 0.777036
0 0.0476496 0.433556 0.0319039 0.144846 0.707073
0 0.372397 0.477945 0.0577658 0.150886 0.670857
0 0.385224 0.385945 0.0308402 0.0869843 0.665521
0 0.0159138 0.753426 0.031499 0.302862 0.560878
26 0.0753263 0.85791 0.0342777 0.202204 0.553998
26 0.610415 0.82062 0.0625279 0.219888 0.539537
0 0.346204 0.39532 0.0187586 0.0779938 0.525571
0 0.770622 0.639386 0.0769318 0.602006 0.504858
0 0.122626 0.432572 0.0404591 0.192412 0.448276
26 0.964598 0.434336 0.0308657 0.140288 0.427215
0 0.206575 0.368859 0.0225137 0.0578204 0.397057
0 0.00550118 0.446383 0.0109782 0.133697 0.319588
0 0.331412 0.431419 0.0249007 0.0831486 0.30391
0 0.415066 0.398803 0.019639 0.128558 0.274022
