0 0.495024 0.590421 0.211088 0.802563 0.943985
0 0.875915 0.63266 0.109504 0.594275 0.911741
26 0.154361 0.674837 0.0523062 0.318265 0.902942
0 0.68699 0.666818 0.191186 0.652094 0.887481
0 0.95198 0.462528 0.0507404 0.28228 0.869532
0 0.0981599 0.700511 0.127631 0.592998 0.839785
26 0.610923 0.715251 0.0737412 0.423387 0.824846
0 0.772692 0.640851 0.0797471 0.600132 0.72876
0 0.819932 0.428668 0.0284033 0.197326 0.709837
0 0.372606 0.477871 0.0574776 0.151165 0.691819
0 0.0482149 0.433553 0.032239 0.145131 0.683622
0 0.384902 0.38548 0.0292603 0.0857814 0.648611
0 0.0162559 0.748027 0.0322412 0.299927 0.544684
0 0.772525 0.512679 0.0796068 0.342207 0.514823
0 0.123719 0.430049 0.0430565 0.192154 0.413659
0 0.343837 0.394678 0.0181974 0.0769402 0.403196
0 0.018431 0.42916 0.0274311 0.15458 0.379849
0 0.206847 0.369112 0.0226824 0.0566622 0.379054
0 0.325393 0.450012 0.0498899 0.129541 0.346282
26 0.963554 0.423627 0.0275166 0.108215 0.328918
26 0.607017 0.825581 0.0631702 0.198519 0.321652
0 0.00573086 0.444318 0.0114617 0.13803 0.280951
26 0.0173398 0.684668 0.0343307 0.171219 0.266573
26 0.0733441 0.861264 0.0274816 0.187554 0.263295
