0 0.491235 0.594046 0.206415 0.798338 0.945564
26 0.150656 0.671704 0.0593624 0.323275 0.897779
0 0.881092 0.629851 0.110917 0.594673 0.894433
0 0.94819 0.463038 0.0483894 0.281163 0.877386
0 0.686842 0.666824 0.188814 0.653479 0.876748
0 0.773598 0.643787 0.0879664 0.603486 0.869813
0 0.0936697 0.697267 0.126542 0.596021 0.834067
26 0.606827 0.712398 0.0714193 0.424408 0.803635
0 0.823432 0.428131 0.0331177 0.197632 0.791736
0 0.373384 0.47949 0.05734 0.14964 0.716984
0 0.385732 0.386741 0.0295786 0.0862544 0.678136
0 0.0487293 0.433665 0.0327079 0.144122 0.643528
0 0.129117 0.430713 0.0553812 0.191443 0.533226
0 0.208109 0.370447 0.0231326 0.0541301 0.412427
0 0.0186171 0.428745 0.0275679 0.153943 0.397998
0 0.0172265 0.741536 0.0342406 0.306215 0.393436
26 0.018048 0.680096 0.0357923 0.180977 0.392796
0 0.325964 0.45012 0.0513999 0.129625 0.362931
0 0.342343 0.394746 0.021205 0.0791017 0.320003
0 0.00596226 0.439381 0.0118367 0.145174 0.268329
