0 0.489617 0.595451 0.204581 0.79529 0.944363
26 0.150028 0.670156 0.0617962 0.323558 0.906496
0 0.883619 0.632875 0.110701 0.603467 0.89138
0 0.684394 0.66653 0.194494 0.653134 0.890216
0 0.770762 0.644224 0.097938 0.606126 0.873946
0 0.945918 0.463264 0.0461327 0.281649 0.867738
0 0.0918466 0.698243 0.126988 0.59772 0.839553
0 0.822524 0.428184 0.0323311 0.198673 0.760322
0 0.373359 0.479256 0.0573048 0.148991 0.704839
0 0.386274 0.387337 0.0297815 0.0877874 0.687014
26 0.603452 0.713509 0.0736626 0.424457 0.628174
0 0.128933 0.430148 0.0538336 0.191913 0.62551
0 0.0489232 0.433794 0.0331529 0.144448 0.621687
26 0.597501 0.843278 0.0602636 0.152611 0.498117
0 0.326443 0.449343 0.0527226 0.131191 0.409344
0 0.208336 0.370449 0.0223414 0.0539728 0.401803
24 0.0171812 0.681322 0.0341372 0.184533 0.383178
0 0.574485 0.376995 0.0224454 0.0826102 0.25558
