0 0.487187 0.596342 0.202858 0.79332 0.944387
0 0.886686 0.633808 0.111073 0.60281 0.901483
26 0.151346 0.672288 0.061164 0.321583 0.898279
0 0.770821 0.644376 0.103357 0.609526 0.895039
0 0.682496 0.668063 0.199726 0.65036 0.883754
0 0.943167 0.462386 0.0457832 0.28321 0.865584
0 0.09053 0.699826 0.126958 0.597064 0.809023
26 0.60078 0.713233 0.0703246 0.419758 0.798608
0 0.824353 0.427163 0.0308784 0.197249 0.732965
0 0.373481 0.479259 0.0571196 0.148591 0.702636
0 0.386102 0.38702 0.0285385 0.0880571 0.663796
0 0.129796 0.429386 0.0556917 0.192681 0.641958
0 0.0489281 0.433532 0.0327468 0.143849 0.568762
0 0.326769 0.449468 0.0528311 0.131073 0.403347
0 0.0184116 0.677789 0.0366381 0.195667 0.354755
26 0.138653 0.870454 0.0245195 0.085141 0.328548
0 0.208673 0.370398 0.0222373 0.054129 0.323872
26 0.898041 0.536866 0.0588764 0.165281 0.269794
26 0.594758 0.843655 0.0578499 0.151218 0.261665
