0 0.484486 0.595496 0.200808 0.793307 0.943783
0 0.774405 0.643926 0.104371 0.60876 0.909329
0 0.894092 0.636226 0.115153 0.60903 0.894921
26 0.150014 0.672871 0.0629597 0.320352 0.894534
0 0.682668 0.671755 0.198759 0.642211 0.881175
0 0.0875554 0.697032 0.126164 0.599636 0.84487
26 0.597248 0.712457 0.0691613 0.416631 0.79138
0 0.940485 0.4318 0.0462729 0.217397 0.746728
0 0.825784 0.427713 0.0279919 0.194886 0.684553
0 0.372851 0.478949 0.0569015 0.150019 0.677107
0 0.128782 0.429852 0.0552143 0.19878 0.65611
0 0.386986 0.386743 0.0283955 0.0882789 0.574832
0 0.0484762 0.433183 0.031976 0.142647 0.566385
26 0.14094 0.870001 0.0323883 0.0863741 0.423083
0 0.0181255 0.676469 0.0361029 0.211237 0.383679
0 0.209085 0.370299 0.0227352 0.0547158 0.279806
26 0.591949 0.844329 0.0581284 0.148872 0.27726
0 0.571142 0.398519 0.0248468 0.118961 0.271138
24 0.0201416 0.677006 0.0400075 0.212793 0.264472
0 0.325739 0.449307 0.0510963 0.130757 0.253624
