0 0.482625 0.593363 0.199943 0.797351 0.943701
0 0.777002 0.643375 0.104771 0.611544 0.911405
0 0.899102 0.637825 0.118272 0.606196 0.896719
26 0.149423 0.674551 0.0629013 0.316149 0.894445
0 0.681945 0.673427 0.199068 0.638693 0.882928
0 0.0872725 0.698226 0.123724 0.595895 0.84389
26 0.594981 0.714733 0.0667442 0.41487 0.733804
0 0.939594 0.424938 0.0468227 0.200203 0.703328
0 0.372655 0.478939 0.0568109 0.150734 0.689601
0 0.826667 0.427144 0.0261215 0.191432 0.684199
0 0.129339 0.433154 0.0548876 0.207715 0.612393
0 0.0481742 0.433399 0.0315487 0.14494 0.576115
0 0.38785 0.385481 0.0296804 0.0912411 0.546984
26 0.142825 0.871626 0.0361768 0.0872977 0.367696
0 0.570496 0.399508 0.0251064 0.12078 0.354333
26 0.601114 0.652283 0.0511427 0.260477 0.322365
0 0.019527 0.716795 0.0389116 0.301469 0.293895
26 0.591544 0.845095 0.0596584 0.149059 0.281874
0 0.0191564 0.428528 0.0276797 0.154017 0.274393
0 0.0934644 0.421467 0.0428425 0.116238 0.273254
