0 0.542983 0.599499 0.182574 0.787065 0.930504
0 0.745218 0.665199 0.157213 0.656159 0.90817
0 0.358478 0.509801 0.072361 0.402376 0.881503
0 0.438209 0.512174 0.063324 0.387408 0.852208
26 0.452089 0.871867 0.07762 0.228916 0.829984
0 0.187677 0.472904 0.0493054 0.224335 0.828989
0 0.929072 0.439479 0.0400463 0.26187 0.811017
0 0.898774 0.450218 0.0454157 0.252955 0.80341
0 0.239 0.469162 0.0477844 0.228592 0.781696
24 0.542044 0.451355 0.106737 0.186226 0.769505
0 0.0710665 0.467872 0.054337 0.240868 0.745216
0 0.9668 0.43839 0.0378202 0.245609 0.722583
0 0.0195424 0.567306 0.038897 0.211068 0.681942
26 0.608359 0.869134 0.0784613 0.259265 0.67188
0 0.407589 0.511527 0.0416299 0.321578 0.667638
0 0.0324773 0.495968 0.0338365 0.170884 0.655697
26 0.0495218 0.832095 0.0986096 0.323387 0.511757
0 0.623426 0.418295 0.0391373 0.222339 0.479702
26 0.794769 0.63824 0.035066 0.339355 0.447532
0 0.831573 0.43236 0.0277866 0.188734 0.362529
0 0.00421552 0.397123 0.00843104 0.0672509 0.35999
0 0.0475516 0.410681 0.0258 0.130172 0.359883
0 0.0330236 0.379656 0.0209188 0.0702212 0.318449
