0 0.480279 0.593164 0.198995 0.799131 0.943857
26 0.144355 0.672364 0.068308 0.320491 0.912759
0 0.781335 0.643036 0.105222 0.613845 0.909113
0 0.906066 0.639952 0.1216 0.604676 0.900835
0 0.67928 0.675184 0.202928 0.634985 0.881844
0 0.0839544 0.701878 0.123635 0.590094 0.853872
26 0.593219 0.717196 0.063246 0.408425 0.798108
0 0.37252 0.476306 0.0572907 0.154466 0.716658
0 0.129347 0.443982 0.0551912 0.230676 0.701987
0 0.827154 0.427021 0.0244488 0.191485 0.603304
0 0.388915 0.387349 0.0303728 0.0932267 0.594498
0 0.569581 0.396929 0.0256233 0.118638 0.584314
0 0.938768 0.418966 0.0416008 0.194708 0.574518
0 0.0481825 0.434798 0.0333719 0.150222 0.570635
0 0.0925877 0.421199 0.0414819 0.114004 0.436977
0 0.016832 0.429926 0.0319865 0.157047 0.424922
0 0.020538 0.775214 0.0408893 0.421489 0.334329
26 0.596563 0.655498 0.0552385 0.269641 0.305345
24 0.0189827 0.673858 0.0375218 0.22551 0.28657
