0 0.479182 0.592778 0.198001 0.799789 0.943
26 0.142503 0.673135 0.0685939 0.319803 0.929005
0 0.782799 0.641112 0.106182 0.611076 0.923506
0 0.90951 0.64447 0.120485 0.610237 0.905215
0 0.672634 0.676525 0.205582 0.631825 0.891319
0 0.0843413 0.704183 0.118665 0.589691 0.854623
26 0.591863 0.715863 0.0625996 0.405823 0.827947
0 0.372842 0.47826 0.0576254 0.15012 0.754543
0 0.129871 0.448251 0.0552451 0.237422 0.751384
0 0.38929 0.390145 0.030048 0.0988866 0.670568
0 0.940271 0.417551 0.0405186 0.194374 0.646946
0 0.568348 0.398136 0.0254955 0.123041 0.593354
0 0.827565 0.427184 0.0234756 0.196589 0.541514
0 0.0228113 0.7742 0.0452784 0.435006 0.531977
26 0.112594 0.887537 0.101599 0.120733 0.484618
0 0.0162116 0.430499 0.0319691 0.157701 0.423074
0 0.0920567 0.432957 0.0426369 0.141816 0.367073
26 0.594146 0.656304 0.0552267 0.273466 0.302708
0 0.0490587 0.435532 0.0323975 0.150745 0.264229
