0 0.477969 0.592223 0.196561 0.80055 0.939509
0 0.784592 0.64215 0.108514 0.611152 0.922678
0 0.911161 0.648658 0.116871 0.609569 0.901522
26 0.139595 0.675021 0.0690059 0.317869 0.899466
0 0.668784 0.673048 0.205817 0.636307 0.895638
0 0.0809171 0.705024 0.113219 0.586002 0.870483
26 0.590141 0.711116 0.0633309 0.404815 0.826892
0 0.129408 0.449853 0.0526419 0.235336 0.758984
0 0.372782 0.478061 0.057385 0.150271 0.744982
0 0.939428 0.406041 0.0409195 0.170087 0.687947
0 0.389292 0.390519 0.0297316 0.098078 0.68062
0 0.0250696 0.771797 0.0497479 0.440071 0.557563
0 0.566078 0.399463 0.0277573 0.126922 0.532968
0 0.829266 0.426235 0.0261168 0.198311 0.393049
0 0.0918845 0.435578 0.0441001 0.149023 0.386307
0 0.0196957 0.430777 0.0284853 0.156444 0.348512
0 0.326753 0.449773 0.0512904 0.129521 0.323301
0 0.0482736 0.413353 0.032434 0.107495 0.298189
26 0.11213 0.885356 0.102151 0.116198 0.278627
26 0.592626 0.650959 0.0545797 0.27019 0.263774
26 0.167837 0.502249 0.0331824 0.0973487 0.258156
