0 0.47465 0.592762 0.196786 0.802393 0.941865
0 0.787443 0.64557 0.112035 0.614736 0.919313
0 0.661729 0.672449 0.204693 0.636995 0.917291
0 0.915373 0.651584 0.114019 0.614639 0.910738
26 0.134599 0.675166 0.069351 0.319406 0.902012
0 0.0798788 0.704769 0.112423 0.588216 0.878209
26 0.58761 0.703275 0.0658922 0.403599 0.81564
0 0.130765 0.449695 0.0549653 0.234478 0.809507
0 0.372657 0.478647 0.0569 0.149023 0.745954
0 0.389553 0.388891 0.0312343 0.102494 0.712436
0 0.564474 0.411341 0.0279312 0.152444 0.522041
0 0.0872289 0.437623 0.0435385 0.152212 0.511621
0 0.938128 0.401294 0.0424761 0.157446 0.490179
0 0.0247932 0.770863 0.0491828 0.446144 0.480254
26 0.166766 0.505559 0.0375206 0.101295 0.427769
0 0.0169978 0.429192 0.0313363 0.156968 0.382554
0 0.326758 0.451055 0.0524914 0.126893 0.321578
0 0.954955 0.347334 0.0220215 0.0541689 0.311615
26 0.787179 0.54887 0.0367631 0.217141 0.305884
0 0.933714 0.375529 0.0345921 0.108208 0.286975
26 0.109914 0.881896 0.103155 0.116053 0.250017
