0 0.474258 0.591601 0.19428 0.800949 0.939193
0 0.658112 0.670648 0.203895 0.639127 0.917364
0 0.918692 0.650283 0.115141 0.61437 0.916571
0 0.793595 0.646838 0.119009 0.618193 0.903931
0 0.0772625 0.702967 0.111252 0.590011 0.872726
26 0.130756 0.674527 0.0692333 0.318467 0.864598
26 0.585122 0.698713 0.0662352 0.399396 0.830988
0 0.131794 0.45157 0.0549796 0.234642 0.814753
0 0.372595 0.478507 0.0566497 0.14945 0.739063
0 0.389213 0.387665 0.0324367 0.102953 0.686451
0 0.563943 0.411718 0.0274117 0.155897 0.590141
0 0.0861755 0.437391 0.0433094 0.155935 0.561248
0 0.02745 0.769118 0.0544198 0.446695 0.55468
26 0.168527 0.508923 0.0346655 0.0944222 0.494243
0 0.0164994 0.429375 0.0313376 0.158229 0.478702
0 0.320412 0.410212 0.0229048 0.0978002 0.403559
26 0.13797 0.710645 0.0535949 0.245447 0.362233
39 0.391651 0.779263 0.035071 0.114816 0.285606
0 0.326698 0.450716 0.052269 0.127493 0.258002
