0 0.470833 0.591579 0.194574 0.80087 0.933657
0 0.923923 0.648093 0.119269 0.618008 0.922104
0 0.651879 0.668586 0.200529 0.646115 0.912515
26 0.125009 0.673431 0.0662324 0.31541 0.904666
0 0.808099 0.649146 0.13825 0.620343 0.892494
0 0.0746782 0.704145 0.118707 0.587401 0.869698
0 0.133386 0.452655 0.0572876 0.235191 0.818665
26 0.581137 0.691155 0.0671118 0.394117 0.810719
0 0.372665 0.476883 0.0565883 0.152599 0.720079
0 0.561999 0.429745 0.0279872 0.196022 0.636167
0 0.0207513 0.768586 0.0410499 0.450231 0.578915
0 0.0850589 0.437667 0.0454864 0.159505 0.573491
0 0.388862 0.389548 0.0333948 0.103298 0.549592
39 0.388822 0.777241 0.0336234 0.114954 0.544323
26 0.16836 0.512701 0.0323499 0.0921704 0.464662
0 0.317542 0.412512 0.0244209 0.098635 0.385949
0 0.32601 0.450366 0.0503511 0.128466 0.338462
