0 0.467137 0.59191 0.191401 0.80009 0.936679
0 0.926256 0.646943 0.120635 0.62287 0.925111
0 0.648346 0.670374 0.199633 0.643689 0.906323
26 0.11903 0.67285 0.0676888 0.310614 0.894738
0 0.813155 0.65262 0.141844 0.621927 0.890299
0 0.0705877 0.704714 0.118373 0.584241 0.852574
0 0.134495 0.451827 0.0585847 0.237494 0.826995
26 0.578048 0.687138 0.068634 0.390556 0.818116
0 0.372524 0.477108 0.0563 0.152121 0.742616
0 0.560949 0.42953 0.0281151 0.195858 0.72266
0 0.388135 0.390213 0.0346671 0.102339 0.648439
0 0.0203716 0.766838 0.0403832 0.453299 0.60296
0 0.0850199 0.441056 0.0471764 0.168872 0.565399
26 0.16846 0.513889 0.0327576 0.0934128 0.434535
0 0.328569 0.450192 0.0464691 0.128804 0.410557
39 0.387791 0.779998 0.033392 0.115011 0.410314
0 0.315922 0.416345 0.0264734 0.0997275 0.39103
26 0.780064 0.62068 0.0766102 0.0977169 0.378986
26 0.780749 0.559298 0.0789646 0.225347 0.317713
0 0.0140513 0.431858 0.0274592 0.157308 0.291062
26 0.0267779 0.663539 0.0535557 0.244366 0.286814
26 0.126116 0.711711 0.0535067 0.233569 0.280613
26 0.128959 0.867033 0.0438411 0.0895562 0.267425
