0 0.465955 0.594992 0.190488 0.796744 0.938708
0 0.931653 0.645311 0.121679 0.625649 0.910475
0 0.81446 0.65554 0.137564 0.623771 0.896083
0 0.651576 0.667076 0.1835 0.643401 0.884901
26 0.576222 0.684923 0.0696188 0.388693 0.880913
26 0.114022 0.670793 0.0683331 0.309784 0.878359
0 0.135121 0.451455 0.0587268 0.238031 0.834851
0 0.0664317 0.704266 0.128687 0.58519 0.831084
0 0.560476 0.430404 0.0283054 0.195573 0.720725
0 0.372603 0.477934 0.0553041 0.153603 0.713876
0 0.0832526 0.438384 0.0516445 0.165177 0.58975
0 0.38784 0.390824 0.0351113 0.101152 0.5877
26 0.168395 0.512697 0.0329548 0.0916599 0.454195
0 0.0257621 0.763055 0.0512111 0.462728 0.413298
39 0.387432 0.781599 0.0326024 0.117861 0.405509
0 0.375195 0.372031 0.0215329 0.0781562 0.359331
26 0.786637 0.561647 0.0815266 0.225692 0.327489
0 0.0197371 0.716152 0.0392857 0.560852 0.306234
0 0.315738 0.412965 0.0230584 0.102148 0.299921
26 0.025239 0.660384 0.0504781 0.244305 0.292743
26 0.785269 0.620741 0.0777962 0.104009 0.270132
0 0.332052 0.430408 0.0252575 0.0872986 0.251153
