0 0.463709 0.594943 0.188224 0.795466 0.937573
0 0.939843 0.643285 0.116201 0.628013 0.912749
0 0.818752 0.659892 0.129036 0.624002 0.900656
0 0.649167 0.671249 0.179229 0.643682 0.896336
26 0.573064 0.681802 0.0737186 0.38889 0.862328
0 0.134322 0.450691 0.0602604 0.240196 0.839663
0 0.062488 0.703536 0.124041 0.586346 0.835741
26 0.103445 0.661255 0.0670481 0.305366 0.786735
0 0.372411 0.475977 0.0545622 0.156752 0.657215
0 0.0815504 0.440286 0.0542519 0.167173 0.643104
0 0.558493 0.431219 0.0283506 0.19268 0.624518
0 0.392319 0.388659 0.0266491 0.0961707 0.595708
26 0.79346 0.614484 0.079206 0.121866 0.584056
26 0.793253 0.567106 0.0796623 0.216606 0.512005
0 0.374835 0.376615 0.0206085 0.0854685 0.466856
26 0.1682 0.51022 0.0330279 0.0880967 0.438112
0 0.0233144 0.765564 0.0461819 0.457874 0.414572
26 0.114808 0.8557 0.0477558 0.0948897 0.389799
0 0.325461 0.449873 0.0497165 0.129117 0.377845
0 0.904797 0.399747 0.032819 0.150436 0.356654
0 0.015908 0.765581 0.0315642 0.451443 0.349854
0 0.315516 0.411115 0.0225168 0.104413 0.321634
26 0.0272944 0.667917 0.0544525 0.254157 0.32138
26 0.0117394 0.683899 0.0233151 0.140366 0.316377
