0 0.461926 0.596807 0.184679 0.790295 0.939383
0 0.943348 0.642643 0.112543 0.629468 0.923382
0 0.646037 0.669913 0.175505 0.645435 0.89705
0 0.821261 0.662519 0.125099 0.633323 0.894041
0 0.057627 0.70224 0.114562 0.587091 0.873264
0 0.134131 0.450677 0.0579661 0.240487 0.843001
26 0.571069 0.680686 0.0751417 0.387478 0.835711
26 0.0986638 0.661004 0.0600657 0.303826 0.777265
0 0.0819633 0.44366 0.0516189 0.169168 0.74952
0 0.557425 0.432626 0.0285908 0.191798 0.714272
0 0.392448 0.387528 0.0266602 0.0907824 0.603203
0 0.371884 0.476156 0.0536565 0.155767 0.562074
0 0.325352 0.449888 0.0505211 0.129148 0.518704
26 0.799649 0.560897 0.0804316 0.21785 0.493932
0 0.904923 0.396115 0.0359724 0.145997 0.427676
0 0.315018 0.407967 0.0212576 0.105772 0.415999
26 0.10947 0.853769 0.0474119 0.0963664 0.415304
0 0.904496 0.425873 0.0381168 0.207175 0.392047
0 0.372873 0.378661 0.0194587 0.0845347 0.371775
26 0.16722 0.506455 0.0338284 0.0925719 0.371013
0 0.0181654 0.764321 0.0361588 0.454521 0.362464
0 0.0134508 0.3831 0.0264394 0.0652207 0.333202
0 0.525236 0.359586 0.0256719 0.063785 0.331065
0 0.372576 0.39694 0.0204219 0.122243 0.292249
26 0.798463 0.621564 0.0784557 0.107845 0.282788
