0 0.548396 0.598341 0.182894 0.788835 0.936057
0 0.739594 0.667194 0.153719 0.652185 0.901106
0 0.358682 0.510869 0.072892 0.402336 0.886863
0 0.441182 0.513447 0.0686947 0.391155 0.876801
0 0.18865 0.472536 0.0508624 0.225278 0.804674
0 0.239393 0.469959 0.0468286 0.22542 0.788906
26 0.456544 0.872611 0.0752742 0.226447 0.785371
0 0.929601 0.439991 0.0398026 0.26259 0.777561
0 0.901197 0.448198 0.0414196 0.252473 0.77454
0 0.0713011 0.467922 0.0545797 0.240773 0.771431
0 0.409467 0.511888 0.0397984 0.32331 0.73776
0 0.965852 0.437671 0.0338022 0.244253 0.725823
26 0.615698 0.865964 0.0734316 0.264671 0.667052
0 0.0327662 0.495579 0.0337789 0.170843 0.665616
0 0.831132 0.425498 0.0277168 0.202709 0.659391
26 0.788384 0.641511 0.0358372 0.335665 0.645163
0 0.0191705 0.57366 0.0381496 0.198758 0.632958
24 0.544858 0.452812 0.109659 0.197151 0.61263
26 0.0457546 0.831334 0.091118 0.324789 0.489858
0 0.00414594 0.39711 0.00829189 0.0677719 0.356707
0 0.0456646 0.735903 0.091079 0.512508 0.353641
0 0.0474264 0.409354 0.026811 0.12714 0.323997
0 0.0320123 0.379591 0.0192579 0.0691488 0.311661
24 0.545643 0.496479 0.114266 0.287776 0.306409
24 0.176884 0.433755 0.0272883 0.0804891 0.271275
