0 0.459185 0.597171 0.182342 0.788877 0.932893
0 0.945686 0.642449 0.107837 0.632664 0.91735
0 0.824244 0.665092 0.123382 0.632008 0.905375
0 0.0520439 0.702454 0.103412 0.585532 0.887283
0 0.637235 0.67086 0.171743 0.641804 0.883255
0 0.134812 0.449946 0.0579842 0.242235 0.824419
26 0.567195 0.691059 0.0765585 0.408415 0.804009
0 0.55558 0.433139 0.0299364 0.189712 0.747678
0 0.0806848 0.451633 0.0507068 0.181244 0.702892
0 0.902408 0.427058 0.0394964 0.209243 0.687124
26 0.0934149 0.664175 0.0471191 0.299229 0.646327
0 0.393301 0.382576 0.0243654 0.080863 0.619452
0 0.369425 0.477562 0.0495356 0.156718 0.553014
26 0.806644 0.559694 0.0796154 0.224147 0.543869
0 0.324118 0.449789 0.047832 0.129349 0.475005
0 0.523905 0.376176 0.029171 0.0922599 0.367276
26 0.100379 0.850736 0.0449188 0.0942178 0.359142
0 0.312153 0.411043 0.0208964 0.104522 0.346707
0 0.369155 0.381229 0.0237378 0.0869178 0.340274
0 0.368936 0.399445 0.0248178 0.124341 0.329774
26 0.166812 0.504874 0.0322546 0.0936191 0.324745
39 0.383452 0.781331 0.0323283 0.119463 0.302358
26 0.807053 0.624339 0.0796541 0.100919 0.297652
26 0.0940883 0.705558 0.0580255 0.383583 0.293645
0 0.047856 0.388167 0.0294276 0.0575687 0.286556
0 0.0149506 0.383151 0.0282495 0.0641579 0.273277
26 0.0961966 0.692177 0.0404758 0.239408 0.257614
