0 0.454969 0.598891 0.179888 0.786051 0.931274
0 0.829014 0.663292 0.123057 0.633831 0.908709
0 0.946978 0.644949 0.105356 0.635874 0.907116
0 0.634296 0.6727 0.162194 0.6368 0.888354
0 0.0495998 0.701945 0.0985233 0.585068 0.874431
0 0.133659 0.450078 0.0554287 0.241901 0.818645
26 0.562268 0.690889 0.0808842 0.401974 0.80229
0 0.9016 0.427744 0.0450832 0.210519 0.768677
0 0.554303 0.433355 0.0300817 0.188848 0.738633
0 0.0801132 0.461218 0.05031 0.195232 0.680714
26 0.0903867 0.663438 0.0425107 0.29833 0.567054
26 0.0880325 0.702672 0.053129 0.388139 0.553982
0 0.392819 0.383066 0.0239679 0.0823242 0.5233
0 0.367327 0.474198 0.0453179 0.160064 0.520539
0 0.368654 0.380116 0.0225124 0.0863928 0.418002
26 0.81401 0.560208 0.0836049 0.229021 0.412674
0 0.523634 0.386452 0.029132 0.108624 0.387472
0 0.331714 0.428809 0.0248998 0.0857018 0.370594
26 0.812997 0.620889 0.0805749 0.107051 0.350457
26 0.0770353 0.67267 0.0695231 0.282503 0.296834
26 0.166585 0.50336 0.0324134 0.0946772 0.295066
0 0.0477383 0.412683 0.030722 0.106942 0.286993
0 0.311202 0.41266 0.0196744 0.100621 0.263836
0 0.36762 0.398702 0.0246501 0.122729 0.260145
39 0.381574 0.783653 0.0324491 0.120767 0.257208
26 0.0924092 0.848774 0.0464877 0.0904229 0.250704
