0 0.451243 0.599972 0.180409 0.785004 0.932747
0 0.834979 0.661956 0.121706 0.637053 0.917938
0 0.948995 0.647786 0.101735 0.642326 0.910633
0 0.629606 0.67431 0.159586 0.633802 0.875448
0 0.0481209 0.697486 0.0956246 0.589715 0.836743
0 0.134488 0.450349 0.0544764 0.242193 0.806841
26 0.558691 0.687211 0.0799423 0.384989 0.796497
0 0.900446 0.454825 0.0470119 0.269396 0.764735
0 0.553438 0.434282 0.0307879 0.189456 0.741048
0 0.0809313 0.464188 0.0505637 0.201269 0.694797
26 0.0831661 0.696286 0.0528412 0.386561 0.56158
0 0.36618 0.47596 0.042931 0.159273 0.541082
0 0.393418 0.382329 0.0227244 0.0780764 0.510803
26 0.817326 0.608479 0.0813696 0.129406 0.497714
26 0.817068 0.56354 0.0812784 0.219063 0.493631
0 0.366176 0.381205 0.022812 0.0865716 0.462766
0 0.522497 0.393278 0.0318351 0.120499 0.42342
26 0.0750079 0.660327 0.0645425 0.30677 0.405822
0 0.0471766 0.427134 0.0307439 0.136506 0.393275
0 0.331531 0.428656 0.0251662 0.08573 0.363644
26 0.165586 0.502537 0.0336627 0.0968109 0.295571
