0 0.445719 0.601565 0.178425 0.782621 0.940004
0 0.84346 0.659522 0.123126 0.642066 0.917664
0 0.951334 0.653189 0.0965387 0.649733 0.916072
0 0.0442467 0.699255 0.087781 0.587175 0.879335
0 0.621797 0.67618 0.159338 0.634939 0.86198
26 0.554842 0.688735 0.0806015 0.381991 0.83179
0 0.898415 0.453751 0.047776 0.274152 0.804477
0 0.136195 0.450494 0.0575972 0.242564 0.789436
0 0.551533 0.435534 0.0293671 0.18886 0.744863
0 0.0809262 0.474735 0.0514634 0.223355 0.709788
0 0.0470934 0.428981 0.0318193 0.1421 0.601162
26 0.82126 0.621628 0.0769054 0.0964611 0.50284
26 0.0785794 0.651678 0.0459317 0.30465 0.48859
0 0.393446 0.377561 0.0228804 0.0727267 0.480604
26 0.164897 0.50288 0.0335163 0.0969153 0.396997
0 0.36294 0.406114 0.0248134 0.133809 0.362659
0 0.331395 0.429272 0.0247192 0.0867538 0.362371
26 0.822045 0.556751 0.0796952 0.229862 0.33293
0 0.363709 0.473867 0.0372351 0.16063 0.283189
0 0.520786 0.413447 0.0322084 0.150727 0.269699
