0 0.44203 0.600445 0.177268 0.785029 0.941702
0 0.952862 0.657464 0.0934507 0.652987 0.90552
0 0.847381 0.65897 0.125004 0.643019 0.900416
0 0.618244 0.676935 0.154041 0.633907 0.852876
0 0.0428304 0.698468 0.0848936 0.588414 0.81579
26 0.549177 0.688771 0.0798773 0.378411 0.81043
0 0.550397 0.432673 0.0293614 0.189351 0.780996
0 0.136379 0.451573 0.0572485 0.241302 0.780134
0 0.900425 0.455292 0.040383 0.274833 0.771982
0 0.0807219 0.486527 0.0501513 0.247076 0.721638
26 0.0772405 0.656967 0.0453434 0.306015 0.559285
0 0.0469451 0.428851 0.0312428 0.141403 0.535982
0 0.393644 0.365846 0.0226098 0.0536211 0.474115
0 0.518928 0.411593 0.0321037 0.156396 0.438727
26 0.825565 0.556127 0.0796024 0.223439 0.380105
26 0.825087 0.62129 0.0780256 0.097307 0.37093
26 0.164444 0.502886 0.034361 0.0968693 0.307209
26 0.0628433 0.683914 0.0723703 0.253647 0.299031
0 0.0166618 0.387586 0.0261962 0.073123 0.298114
0 0.330972 0.429057 0.0249522 0.0862352 0.295757
0 0.360534 0.475792 0.031376 0.157313 0.292325
0 0.305581 0.400056 0.0167871 0.092455 0.28267
26 0.54066 0.463268 0.0119251 0.0511725 0.259792
0 0.360336 0.41086 0.0283249 0.149506 0.252365
