0 0.435911 0.59957 0.178619 0.787033 0.935684
0 0.955544 0.659259 0.0880321 0.647944 0.907833
0 0.853302 0.660008 0.125201 0.648431 0.898049
0 0.137392 0.452091 0.0580602 0.242288 0.860286
0 0.611356 0.676774 0.144375 0.634685 0.850168
26 0.542334 0.686832 0.0819014 0.373121 0.820576
0 0.54969 0.433466 0.0300463 0.192242 0.76063
0 0.080314 0.487284 0.0488918 0.254174 0.749883
0 0.516964 0.432421 0.0320763 0.200806 0.708409
0 0.900298 0.419729 0.040078 0.19758 0.692084
0 0.0409191 0.697462 0.0811886 0.587035 0.651502
0 0.357562 0.44499 0.0277659 0.218044 0.646284
26 0.0730594 0.655094 0.0489026 0.308474 0.586268
0 0.0463561 0.430565 0.0318487 0.142315 0.527733
26 0.0754438 0.690507 0.0449083 0.239493 0.446392
26 0.536676 0.460732 0.014282 0.0533964 0.411817
26 0.831018 0.555734 0.0833646 0.229164 0.368718
26 0.163518 0.504936 0.0326581 0.0929976 0.329504
0 0.394192 0.360027 0.0213033 0.0416933 0.311385
26 0.831033 0.618525 0.081683 0.101542 0.307623
0 0.0178171 0.702628 0.0354164 0.577668 0.298111
0 0.325449 0.449497 0.0516698 0.128987 0.277997
