0 0.431638 0.599028 0.178737 0.7874 0.937407
0 0.857134 0.662122 0.127378 0.655393 0.899396
0 0.957545 0.664001 0.0840057 0.648934 0.897771
0 0.137393 0.4528 0.0578729 0.241839 0.861302
0 0.60524 0.676235 0.141405 0.635192 0.855273
26 0.53728 0.684258 0.0825985 0.374917 0.77331
0 0.0803821 0.48687 0.0489164 0.256262 0.771545
0 0.548875 0.432073 0.0303959 0.191008 0.759958
0 0.516308 0.431632 0.032003 0.198565 0.753816
0 0.897682 0.417677 0.0418243 0.204162 0.674035
26 0.0700953 0.657136 0.0516803 0.309973 0.654468
0 0.0171753 0.698566 0.0340349 0.585707 0.609344
0 0.0465266 0.431574 0.0309607 0.14265 0.594985
0 0.354822 0.44416 0.0269947 0.217529 0.585326
26 0.835448 0.619793 0.083226 0.104367 0.42115
26 0.534741 0.459048 0.0159826 0.0583752 0.401202
26 0.837282 0.55747 0.0873573 0.229965 0.385049
0 0.0389256 0.702424 0.0761577 0.58426 0.380569
0 0.331209 0.428276 0.0251958 0.0859276 0.267344
