0 0.427223 0.599032 0.178739 0.787523 0.934862
0 0.861928 0.664405 0.131169 0.658549 0.902205
0 0.959191 0.664587 0.0807293 0.64956 0.896956
0 0.137968 0.453298 0.0587924 0.241746 0.857406
0 0.597309 0.675407 0.148531 0.637576 0.853143
0 0.0800703 0.48591 0.0503417 0.257208 0.802375
0 0.547792 0.431582 0.0293243 0.190877 0.796015
0 0.515097 0.42696 0.0307677 0.19093 0.744067
26 0.533284 0.683828 0.0808513 0.378369 0.72406
0 0.0179385 0.69698 0.0356836 0.587793 0.718967
0 0.0463532 0.432377 0.0313312 0.145012 0.544269
26 0.0717889 0.665409 0.0486816 0.293682 0.536537
0 0.352902 0.442849 0.0260866 0.216437 0.527569
0 0.89577 0.416892 0.0367973 0.203602 0.518278
26 0.53544 0.456014 0.0146337 0.0592957 0.46735
26 0.840179 0.560568 0.0864072 0.227796 0.404584
0 0.037182 0.70258 0.0682553 0.584512 0.398444
26 0.840038 0.610044 0.0857702 0.128953 0.373902
0 0.306908 0.406601 0.0175643 0.0999042 0.354391
0 0.353202 0.405663 0.0256175 0.141375 0.354345
0 0.331079 0.428291 0.0251358 0.086411 0.326532
0 0.949561 0.364357 0.0249973 0.0907806 0.300027
26 0.163869 0.504952 0.0331557 0.0960381 0.298692
