0 0.421774 0.599956 0.180306 0.787679 0.937992
0 0.86962 0.668314 0.136588 0.656663 0.909728
0 0.962159 0.664025 0.0747273 0.651185 0.888079
0 0.138385 0.455503 0.0588167 0.243005 0.858886
0 0.588571 0.67356 0.162707 0.637905 0.842431
0 0.0800455 0.485023 0.049813 0.259437 0.818953
0 0.546429 0.426906 0.0310058 0.188155 0.800226
0 0.513271 0.42889 0.0315405 0.195623 0.744103
0 0.0199567 0.697348 0.0396549 0.589882 0.723896
26 0.527497 0.676211 0.0842913 0.378522 0.649274
0 0.351798 0.404425 0.0238136 0.139194 0.62762
26 0.84298 0.617075 0.0823128 0.125307 0.563432
0 0.0466545 0.431828 0.0317164 0.147359 0.55781
26 0.533974 0.45494 0.0162276 0.0553877 0.536913
26 0.842682 0.576258 0.0826397 0.2059 0.463675
26 0.532945 0.455362 0.0194217 0.0680109 0.39009
26 0.0643877 0.670545 0.0576066 0.302308 0.369198
0 0.331648 0.427625 0.0240224 0.0854746 0.361134
26 0.0700065 0.701058 0.0452887 0.233433 0.31896
0 0.0426858 0.699696 0.0835066 0.59156 0.27656
28 0.164111 0.504468 0.0342061 0.0976031 0.267882
