0 0.419174 0.599433 0.181277 0.786501 0.940922
0 0.874538 0.667286 0.137246 0.655038 0.911111
0 0.964305 0.662288 0.0705914 0.651297 0.890506
0 0.13811 0.455724 0.0585668 0.243521 0.864812
0 0.590507 0.672309 0.155511 0.640249 0.85771
0 0.0791446 0.484509 0.0513848 0.259497 0.831096
0 0.545969 0.426552 0.0309618 0.186845 0.803565
0 0.511552 0.42795 0.0325146 0.199272 0.748326
26 0.524321 0.672329 0.0830209 0.373225 0.728022
0 0.0232799 0.698883 0.046221 0.587568 0.71257
0 0.046682 0.43389 0.0316623 0.147344 0.655843
0 0.350969 0.40423 0.0231453 0.136495 0.61785
26 0.533442 0.455099 0.0155566 0.0533795 0.585809
26 0.845091 0.633692 0.0800211 0.0986487 0.470009
26 0.0593067 0.663114 0.0594447 0.312584 0.464874
26 0.844811 0.564898 0.0780998 0.236981 0.436321
26 0.0649954 0.695202 0.0477645 0.241166 0.426088
0 0.331814 0.427142 0.0247587 0.0862233 0.353283
28 0.164145 0.50571 0.0336534 0.0965619 0.331401
0 0.882276 0.327773 0.0184713 0.0309834 0.270493
