0 0.556817 0.595885 0.183464 0.791008 0.928481
0 0.734337 0.667556 0.153066 0.648497 0.902796
0 0.442671 0.514326 0.0711786 0.394068 0.882921
0 0.359101 0.512827 0.0719196 0.403624 0.876688
0 0.190803 0.471979 0.0503175 0.226712 0.814789
0 0.0714534 0.468719 0.0530898 0.241112 0.790349
0 0.239679 0.470829 0.0464805 0.225267 0.782934
0 0.903902 0.450665 0.0413662 0.251232 0.781154
0 0.411589 0.511468 0.0405884 0.327969 0.745456
0 0.932491 0.44 0.0452549 0.261597 0.73795
26 0.62298 0.867417 0.0707533 0.263757 0.70353
0 0.83049 0.424988 0.0291271 0.203556 0.684321
0 0.0329824 0.495425 0.0339994 0.171205 0.671705
0 0.965083 0.438265 0.0329628 0.246354 0.646309
26 0.785258 0.643002 0.0413136 0.331983 0.642656
26 0.461724 0.870437 0.0751811 0.23525 0.630914
0 0.0199314 0.583762 0.0396378 0.178288 0.568003
24 0.551282 0.467285 0.112603 0.224722 0.49534
0 0.042774 0.746108 0.0853675 0.491004 0.412541
26 0.042991 0.83411 0.085443 0.315829 0.371534
0 0.031611 0.379732 0.0180559 0.0688339 0.334813
0 0.0472871 0.409456 0.0266368 0.128237 0.330895
0 0.00392096 0.396626 0.00784193 0.0668927 0.318119
24 0.550435 0.421866 0.106484 0.141974 0.316026
0 0.964729 0.399839 0.0304821 0.167639 0.28512
