0 0.414427 0.599012 0.18279 0.788154 0.942663
0 0.87906 0.66798 0.139011 0.655669 0.895069
0 0.967272 0.662587 0.0646313 0.657677 0.875517
0 0.591196 0.670647 0.156652 0.6429 0.869912
0 0.138361 0.454989 0.0583929 0.244328 0.869427
0 0.0302836 0.697693 0.0600837 0.588067 0.853303
0 0.0787949 0.484247 0.0487961 0.260156 0.827811
0 0.544788 0.414189 0.0312094 0.16205 0.788806
26 0.519656 0.663335 0.0820322 0.366717 0.781133
0 0.510799 0.426834 0.0332199 0.20083 0.769545
0 0.0466399 0.435033 0.0306155 0.147914 0.659994
26 0.0553531 0.654811 0.0602674 0.313034 0.624442
0 0.34934 0.399218 0.0218554 0.126874 0.51395
26 0.85151 0.567618 0.0825642 0.23119 0.434048
26 0.532179 0.453974 0.0142797 0.0558282 0.398383
0 0.322439 0.449065 0.0458332 0.130787 0.28284
0 0.879988 0.330008 0.016996 0.0341326 0.279313
