0 0.412552 0.598948 0.181139 0.788311 0.939724
0 0.883638 0.669106 0.140032 0.657525 0.908422
0 0.138093 0.454893 0.0581407 0.245015 0.875332
0 0.969616 0.66134 0.0599487 0.657938 0.872856
0 0.590757 0.670429 0.168751 0.643193 0.872318
0 0.0366417 0.696927 0.0727222 0.588713 0.871537
0 0.0784369 0.484158 0.0490547 0.259794 0.833702
0 0.51002 0.427604 0.0325285 0.203261 0.77286
0 0.543826 0.413467 0.0307547 0.156706 0.757655
26 0.515821 0.661759 0.081546 0.365249 0.744598
0 0.0468225 0.435762 0.0298126 0.148429 0.657578
26 0.854836 0.569043 0.0823874 0.234452 0.44839
0 0.347881 0.380382 0.0210461 0.0858468 0.442483
26 0.0515271 0.640879 0.0574745 0.327333 0.407902
26 0.529801 0.45558 0.0142979 0.0533641 0.397912
28 0.165191 0.508924 0.0342149 0.0915931 0.286094
0 0.322509 0.449291 0.0466494 0.130489 0.280878
