0 0.410932 0.59986 0.179648 0.788413 0.938148
0 0.887109 0.667256 0.139208 0.658497 0.90916
0 0.0407149 0.696751 0.0810066 0.589786 0.895052
0 0.592876 0.670385 0.174453 0.643639 0.886819
0 0.137383 0.454175 0.0575995 0.247138 0.869001
0 0.971273 0.659209 0.0565678 0.658966 0.858722
0 0.0784939 0.4842 0.0485949 0.25777 0.84877
0 0.509794 0.427459 0.0327242 0.203358 0.780162
26 0.514256 0.658121 0.0801504 0.365068 0.772998
0 0.543178 0.412016 0.0307295 0.152662 0.764636
0 0.0471834 0.435835 0.028957 0.149471 0.643974
0 0.873033 0.384223 0.0365349 0.14001 0.617996
26 0.529635 0.455939 0.0139587 0.0535368 0.567668
0 0.345997 0.379014 0.0224249 0.0844399 0.481117
26 0.858478 0.568667 0.0826424 0.243485 0.441742
26 0.859393 0.625681 0.0842045 0.13086 0.31103
0 0.331425 0.428454 0.0266673 0.085724 0.272771
