0 0.406832 0.602756 0.179141 0.782856 0.935807
0 0.890803 0.667448 0.13807 0.656375 0.908188
0 0.048817 0.696193 0.0970813 0.59062 0.896505
0 0.593875 0.671865 0.183051 0.64031 0.89383
0 0.137501 0.452056 0.0581638 0.249142 0.870065
0 0.0792764 0.484923 0.0496182 0.256719 0.845391
0 0.973788 0.662104 0.0513317 0.660433 0.83922
0 0.508199 0.427612 0.0327378 0.200439 0.720317
0 0.871379 0.388258 0.0342602 0.14294 0.713629
26 0.510201 0.661151 0.0781776 0.357917 0.697075
0 0.541341 0.411579 0.03007 0.148791 0.696324
0 0.0476572 0.435699 0.0288623 0.149446 0.576777
26 0.86489 0.618796 0.0854338 0.143727 0.494351
26 0.865299 0.567591 0.0861551 0.246224 0.472112
0 0.345472 0.375565 0.0183986 0.077076 0.452394
26 0.528421 0.459067 0.0125335 0.0502431 0.282009
