0 0.405329 0.603382 0.177854 0.781512 0.935817
0 0.893817 0.66551 0.136462 0.659999 0.909476
0 0.0533932 0.695531 0.106253 0.589464 0.905843
0 0.595041 0.672729 0.185706 0.639572 0.897487
0 0.137431 0.45041 0.0565432 0.249715 0.870712
0 0.0786732 0.485704 0.051007 0.25455 0.842866
0 0.975991 0.658085 0.0471039 0.665887 0.8178
0 0.869767 0.38979 0.0347389 0.146373 0.780005
26 0.509214 0.662211 0.077486 0.355428 0.771248
0 0.505658 0.428624 0.0346915 0.198767 0.747171
0 0.540642 0.413274 0.0296132 0.151115 0.687452
0 0.0474801 0.435672 0.028833 0.150167 0.636343
26 0.867949 0.598123 0.0850666 0.184048 0.470341
0 0.344724 0.374186 0.0171872 0.0735918 0.392939
26 0.867515 0.637326 0.0839432 0.105497 0.262327
