0 0.403531 0.603773 0.175989 0.778942 0.938639
0 0.0583424 0.694762 0.115883 0.590601 0.909442
0 0.595444 0.675168 0.191444 0.635298 0.903181
0 0.89678 0.662157 0.133703 0.661492 0.891524
0 0.137636 0.451975 0.0566517 0.248332 0.877562
0 0.0782971 0.486086 0.0511728 0.253044 0.850258
0 0.978755 0.659663 0.0416416 0.661798 0.812544
26 0.507628 0.664801 0.0774564 0.355937 0.79977
0 0.504228 0.431937 0.037385 0.195527 0.796605
0 0.868065 0.394009 0.0349398 0.153074 0.738337
0 0.540307 0.413947 0.0301394 0.150708 0.687529
0 0.0470777 0.436111 0.0296814 0.148953 0.602699
26 0.872216 0.566303 0.083593 0.24486 0.465662
26 0.16799 0.502097 0.0329453 0.11187 0.364129
26 0.0949221 0.457516 0.018703 0.111428 0.288248
0 0.0934053 0.376472 0.0189615 0.0611945 0.271276
26 0.1678 0.519335 0.0317956 0.072631 0.251587
