0 0.402168 0.605444 0.17503 0.776129 0.936253
0 0.0602537 0.695077 0.119622 0.58977 0.915026
0 0.596932 0.675384 0.191569 0.633885 0.906146
0 0.899552 0.661721 0.131212 0.661259 0.872141
0 0.137583 0.452396 0.0565384 0.248153 0.864715
0 0.0771856 0.486895 0.0513988 0.251124 0.807152
0 0.980611 0.661955 0.0379971 0.656491 0.805829
0 0.50279 0.432712 0.0356028 0.194721 0.788727
26 0.506341 0.666591 0.0770013 0.354185 0.772728
0 0.869432 0.394674 0.0370222 0.156143 0.73385
0 0.539292 0.417027 0.0297327 0.14786 0.609419
0 0.046773 0.436705 0.0301684 0.149938 0.565904
26 0.875675 0.566461 0.0842808 0.241562 0.44739
26 0.168492 0.502653 0.0337219 0.112185 0.357937
0 0.340784 0.371608 0.019205 0.0641626 0.269894
