0 0.401378 0.607213 0.174229 0.772742 0.936629
0 0.598018 0.676141 0.193651 0.633204 0.910422
0 0.0614983 0.693241 0.122117 0.592531 0.908997
0 0.901993 0.661541 0.129667 0.664174 0.872342
0 0.137376 0.453155 0.0562694 0.250112 0.855855
0 0.0748456 0.487109 0.047512 0.250643 0.799093
0 0.502459 0.431288 0.0349817 0.194403 0.789345
26 0.506254 0.666481 0.0765477 0.35301 0.783154
0 0.982947 0.664485 0.033283 0.648581 0.752649
0 0.539468 0.415169 0.030372 0.153851 0.692129
0 0.869481 0.396251 0.0373957 0.160362 0.680247
0 0.0464061 0.436533 0.0310925 0.149929 0.561696
26 0.169523 0.504408 0.0351568 0.113158 0.387194
26 0.878534 0.564654 0.0830608 0.238314 0.339433
0 0.337473 0.371009 0.0208163 0.0639336 0.257312
0 0.332421 0.429548 0.0253022 0.0849233 0.25218
