0 0.398839 0.607826 0.172134 0.769507 0.938484
0 0.0603113 0.69521 0.119733 0.589468 0.915829
0 0.597596 0.676068 0.190105 0.632174 0.904275
0 0.90587 0.660651 0.128207 0.666737 0.867374
0 0.138372 0.452726 0.0545014 0.249174 0.863502
0 0.0725757 0.487175 0.0442148 0.249839 0.809086
26 0.505176 0.662475 0.0774807 0.351353 0.785531
0 0.985415 0.714584 0.0282883 0.545964 0.785223
0 0.501264 0.430489 0.0355052 0.194106 0.774898
0 0.538957 0.414896 0.0307172 0.154008 0.733751
0 0.0460255 0.435913 0.0308873 0.149494 0.579613
0 0.865435 0.412839 0.0390316 0.185773 0.569313
26 0.170049 0.503768 0.0356401 0.112655 0.340767
26 0.884926 0.566417 0.0880697 0.244803 0.321365
26 0.502045 0.723928 0.0701886 0.225443 0.26016
