0 0.397638 0.608562 0.172866 0.767505 0.934368
0 0.0583654 0.696287 0.115907 0.588465 0.912214
0 0.596227 0.67507 0.18592 0.634201 0.90514
0 0.907789 0.660491 0.126669 0.665998 0.889307
0 0.138748 0.45365 0.0539079 0.249359 0.84877
0 0.0719313 0.486363 0.0435493 0.249509 0.804186
0 0.500125 0.429805 0.0346239 0.194847 0.77231
0 0.987905 0.720252 0.023291 0.533619 0.769594
26 0.505812 0.657101 0.0766836 0.349276 0.766006
0 0.538443 0.411769 0.0313298 0.14848 0.75298
0 0.864758 0.422992 0.0410667 0.211301 0.631562
0 0.0456717 0.436319 0.0292509 0.151718 0.602365
26 0.502574 0.720598 0.0676347 0.219391 0.400162
26 0.171309 0.501954 0.036031 0.121202 0.371541
26 0.889028 0.567325 0.0891994 0.245939 0.344709
