0 0.564147 0.597391 0.185057 0.789091 0.93285
0 0.725275 0.670332 0.149456 0.642487 0.886854
0 0.446125 0.514398 0.0741135 0.383534 0.884584
0 0.361013 0.513962 0.0710541 0.403428 0.870721
0 0.909029 0.452001 0.0480427 0.2518 0.809178
26 0.467584 0.877584 0.0724568 0.234355 0.805874
0 0.193027 0.472187 0.0480465 0.227196 0.782293
0 0.072624 0.468665 0.0507235 0.241246 0.773042
0 0.239402 0.47133 0.0434654 0.222649 0.769958
0 0.935835 0.439024 0.0454937 0.264522 0.761496
26 0.641283 0.871411 0.054147 0.252569 0.718614
0 0.826653 0.424222 0.0336121 0.207488 0.705514
0 0.0334336 0.495513 0.0344907 0.171587 0.678563
0 0.964858 0.438264 0.0312084 0.247453 0.666973
0 0.413539 0.509008 0.0360909 0.33164 0.665496
24 0.56268 0.466202 0.11271 0.217509 0.597831
26 0.772342 0.643672 0.0372039 0.330671 0.548033
0 0.020883 0.594442 0.0415446 0.144576 0.44314
0 0.0388726 0.758584 0.0774762 0.465177 0.436926
26 0.0392308 0.840902 0.0778438 0.301854 0.403591
0 0.0314462 0.3804 0.0178315 0.0690002 0.343006
0 0.0479454 0.411873 0.0277693 0.13348 0.267117
24 0.562287 0.429285 0.109806 0.151801 0.261724
26 0.178255 0.434573 0.0252373 0.0825737 0.257287
