0 0.395498 0.608543 0.17246 0.767939 0.933361
0 0.0535573 0.695465 0.106313 0.589987 0.913976
0 0.914113 0.661798 0.127019 0.66528 0.899299
0 0.59065 0.672612 0.179079 0.635883 0.877763
0 0.138214 0.455711 0.0529778 0.247638 0.85454
0 0.861382 0.445075 0.0451071 0.263685 0.811962
26 0.504102 0.648774 0.0759723 0.345264 0.799848
0 0.0715503 0.483976 0.0453584 0.248052 0.798113
0 0.498388 0.428668 0.0364652 0.195465 0.793413
0 0.537445 0.408647 0.0303878 0.142637 0.725628
0 0.990906 0.727958 0.0172806 0.514827 0.683017
26 0.894442 0.567456 0.0875656 0.251613 0.546353
0 0.0455904 0.43479 0.027289 0.148287 0.460597
26 0.502152 0.715156 0.0696663 0.212426 0.317577
26 0.172058 0.509978 0.0363851 0.109264 0.31599
26 0.894207 0.645091 0.0863298 0.097073 0.281152
0 0.0961957 0.377123 0.0186178 0.0563039 0.262776
