0 0.394394 0.608098 0.172996 0.76971 0.930182
0 0.0496468 0.696707 0.0984894 0.58794 0.906579
0 0.918294 0.662768 0.127735 0.663317 0.905994
0 0.586127 0.671628 0.172391 0.639473 0.894564
0 0.138021 0.456563 0.0520188 0.246494 0.861561
0 0.859131 0.449519 0.0439392 0.259753 0.822954
0 0.0698876 0.483225 0.0455267 0.247993 0.815459
26 0.502087 0.645336 0.0752914 0.344137 0.808642
0 0.495769 0.42826 0.0379046 0.196683 0.793663
0 0.537261 0.406982 0.0291877 0.140272 0.713219
0 0.991428 0.742746 0.0162102 0.48442 0.623252
26 0.899075 0.571596 0.0887703 0.251967 0.563217
26 0.500715 0.711553 0.0702358 0.211661 0.389625
0 0.0455271 0.434231 0.0272367 0.143712 0.364193
26 0.89867 0.648972 0.0859564 0.103489 0.304826
0 0.328973 0.374372 0.0201699 0.0714049 0.29859
