0 0.39314 0.607171 0.174073 0.770566 0.92998
0 0.0443548 0.696602 0.0881146 0.589416 0.901769
0 0.921935 0.664657 0.126851 0.659186 0.897476
0 0.579255 0.670694 0.167101 0.642143 0.886593
0 0.13737 0.457189 0.049202 0.246342 0.859075
0 0.0689977 0.483321 0.0465029 0.247639 0.816602
0 0.857219 0.44886 0.0430462 0.259706 0.810064
0 0.493937 0.427756 0.0374506 0.196678 0.79885
26 0.501378 0.641426 0.0763989 0.346203 0.772271
0 0.536505 0.406266 0.0283966 0.139317 0.753412
26 0.902004 0.574444 0.0863031 0.253672 0.469579
0 0.992139 0.754836 0.0147377 0.472513 0.382064
0 0.0444761 0.436733 0.0251212 0.147577 0.368505
58 0.10701 0.452227 0.0348939 0.118676 0.272014
26 0.902053 0.653764 0.0856346 0.100861 0.253876
