0 0.392294 0.606952 0.174923 0.772487 0.930243
0 0.0381963 0.697469 0.0757919 0.587386 0.913239
0 0.931773 0.669616 0.131269 0.648776 0.909964
0 0.568597 0.669909 0.157438 0.646528 0.867348
0 0.140216 0.455971 0.0507437 0.247782 0.852998
0 0.852672 0.451627 0.0455441 0.256079 0.848705
0 0.490701 0.427783 0.0371233 0.198102 0.825869
0 0.0682373 0.482202 0.0484547 0.250634 0.82124
26 0.498658 0.640018 0.0768406 0.344538 0.75546
0 0.535059 0.404647 0.0273925 0.139702 0.731255
26 0.910878 0.583316 0.0900158 0.252982 0.569123
0 0.865483 0.384628 0.030521 0.143626 0.465045
0 0.0450123 0.435827 0.0245919 0.144892 0.36784
0 0.905845 0.388943 0.0293165 0.154466 0.361997
58 0.107361 0.452737 0.0346778 0.120547 0.326542
26 0.498109 0.700746 0.0690393 0.221914 0.325923
26 0.518823 0.450416 0.0144871 0.0567668 0.256909
