0 0.390971 0.607692 0.177096 0.772713 0.933942
0 0.0366101 0.698773 0.0726473 0.582103 0.910818
0 0.934314 0.669327 0.129058 0.650591 0.910417
0 0.141052 0.455467 0.0513865 0.248418 0.867462
0 0.849841 0.450825 0.0474072 0.257215 0.862518
0 0.563795 0.669168 0.153566 0.64573 0.855036
0 0.067968 0.48222 0.049193 0.24978 0.825361
0 0.489083 0.427874 0.0369478 0.198405 0.810065
26 0.497003 0.63878 0.0757736 0.341827 0.785396
0 0.534372 0.403557 0.0258567 0.136472 0.672614
26 0.914931 0.583209 0.0902733 0.257137 0.561775
0 0.908999 0.392599 0.0361549 0.167838 0.467668
0 0.864488 0.377904 0.0298599 0.130561 0.443501
58 0.107253 0.453027 0.0351186 0.120355 0.348074
0 0.0444526 0.436651 0.0240441 0.148587 0.34001
26 0.914598 0.660554 0.0895548 0.104471 0.311109
