0 0.388794 0.607086 0.176425 0.771994 0.939028
0 0.938336 0.668727 0.122712 0.651227 0.917398
0 0.0364093 0.69858 0.0722044 0.581936 0.908383
0 0.14229 0.454578 0.0524576 0.249917 0.867172
0 0.559654 0.66962 0.139413 0.646309 0.8663
0 0.844941 0.448909 0.047431 0.261493 0.85168
0 0.0685869 0.481947 0.0489108 0.248418 0.819591
26 0.494865 0.638778 0.0765427 0.344336 0.805658
0 0.488062 0.427934 0.0384378 0.197797 0.759901
0 0.533343 0.403377 0.024152 0.13412 0.596889
26 0.921873 0.585868 0.0903507 0.260087 0.498955
0 0.0447187 0.435794 0.0234511 0.150583 0.468455
26 0.922232 0.662412 0.0901733 0.108311 0.41709
58 0.108812 0.4561 0.0329294 0.113727 0.347708
26 0.491846 0.701659 0.0661636 0.219749 0.305243
0 0.318287 0.402936 0.0267742 0.128959 0.263381
