0 0.386863 0.608067 0.176215 0.770963 0.939041
0 0.940948 0.668069 0.117376 0.649848 0.916673
0 0.0369808 0.701823 0.0733863 0.576694 0.905503
0 0.556883 0.670529 0.132842 0.644197 0.868251
0 0.143696 0.453568 0.0557827 0.251762 0.862242
0 0.842448 0.451664 0.0489342 0.256053 0.841106
0 0.0685682 0.482081 0.0483273 0.248675 0.822294
26 0.493112 0.636192 0.0784465 0.339091 0.786211
0 0.487478 0.427941 0.0400044 0.196475 0.767446
0 0.532379 0.40491 0.0244947 0.135331 0.561714
26 0.490056 0.699912 0.0640697 0.213474 0.419225
26 0.926605 0.585378 0.0898813 0.258623 0.396954
26 0.926711 0.664597 0.0897015 0.104035 0.381967
0 0.0446784 0.436862 0.0256284 0.149857 0.381215
58 0.109894 0.456776 0.0319052 0.112499 0.339229
0 0.907994 0.413689 0.0341572 0.202407 0.30273
0 0.859794 0.416776 0.0291742 0.20573 0.275689
