0 0.385335 0.608241 0.174261 0.770558 0.939687
0 0.942679 0.666677 0.113929 0.650775 0.918744
0 0.0375092 0.701691 0.0744884 0.577547 0.903911
0 0.554964 0.672199 0.129235 0.641267 0.863957
0 0.143094 0.454108 0.0539377 0.253567 0.856479
0 0.840515 0.451049 0.0484423 0.257213 0.837266
0 0.0677285 0.483569 0.0477655 0.24575 0.801226
26 0.491531 0.636754 0.0786486 0.336425 0.795789
0 0.486094 0.428504 0.0431568 0.197338 0.769409
0 0.53082 0.406497 0.0244157 0.135787 0.578185
0 0.0447233 0.436404 0.0243083 0.150653 0.409488
26 0.486157 0.69969 0.0663104 0.212625 0.409265
26 0.931381 0.586972 0.0889675 0.2556 0.406859
26 0.931227 0.663686 0.0895397 0.103514 0.384039
0 0.0241296 0.439957 0.0275605 0.148265 0.375244
58 0.110777 0.459319 0.0301971 0.106872 0.269268
0 0.472667 0.41834 0.020656 0.152623 0.264165
