0 0.383766 0.607616 0.171401 0.771763 0.938565
0 0.946034 0.668547 0.107223 0.651757 0.911875
0 0.038336 0.704409 0.0762264 0.575733 0.900744
0 0.837903 0.451901 0.0509512 0.255385 0.861907
0 0.550395 0.675395 0.124911 0.63598 0.850993
0 0.144272 0.453777 0.0561977 0.254126 0.849905
0 0.0673136 0.484197 0.0477582 0.245204 0.806262
26 0.487889 0.641395 0.0788229 0.334532 0.773775
0 0.485267 0.42816 0.0444004 0.194545 0.745491
26 0.940329 0.584067 0.0939514 0.257751 0.537339
0 0.529414 0.408294 0.0241585 0.137894 0.530749
0 0.90818 0.424354 0.0349905 0.23088 0.380461
0 0.0448843 0.436657 0.0235822 0.150706 0.379949
0 0.0245439 0.441188 0.0261841 0.148613 0.376738
26 0.9395 0.62718 0.0921087 0.17374 0.355472
0 0.471564 0.419857 0.0215006 0.154428 0.354273
58 0.111508 0.458883 0.0312441 0.108502 0.313572
26 0.939995 0.65801 0.0931076 0.112526 0.304304
0 0.106672 0.375244 0.0270199 0.0528328 0.29752
58 0.254126 0.39909 0.0695173 0.101605 0.287715
