0 0.383236 0.607794 0.171229 0.769416 0.934482
0 0.948547 0.666933 0.102082 0.6556 0.909623
0 0.0397318 0.704684 0.0790003 0.575449 0.897785
0 0.835508 0.450938 0.0517754 0.254233 0.858701
0 0.547362 0.676804 0.125026 0.633819 0.854596
0 0.144595 0.453522 0.0563598 0.254263 0.846031
0 0.0674527 0.484696 0.0470928 0.244648 0.803156
26 0.484933 0.643747 0.0773327 0.334271 0.791448
0 0.483352 0.430202 0.0458759 0.193917 0.748616
0 0.529274 0.410317 0.0252586 0.139184 0.553604
0 0.907359 0.425491 0.0361221 0.231487 0.545606
0 0.47023 0.419987 0.0220556 0.152765 0.488448
26 0.944083 0.578343 0.0918354 0.261512 0.48347
26 0.944081 0.654584 0.0924599 0.11605 0.476251
0 0.0443838 0.437845 0.0250631 0.15107 0.398315
0 0.0254189 0.44246 0.0250957 0.147803 0.364354
0 0.313959 0.427457 0.0278492 0.168219 0.328656
58 0.111766 0.458416 0.0313863 0.109394 0.301309
58 0.253905 0.400358 0.0666276 0.0986281 0.294813
26 0.479792 0.704228 0.066045 0.213028 0.289317
0 0.107146 0.375761 0.0259214 0.054561 0.258306
