0 0.568564 0.598699 0.18482 0.786418 0.937244
0 0.448007 0.517115 0.0762213 0.386658 0.885686
0 0.718171 0.670605 0.151339 0.64359 0.883426
0 0.362235 0.515713 0.0698033 0.406634 0.871813
0 0.909493 0.451033 0.0472294 0.25435 0.803663
0 0.193224 0.47191 0.0472334 0.226515 0.794512
0 0.0727609 0.469015 0.0506234 0.240767 0.792925
0 0.239452 0.470737 0.0426957 0.224104 0.781459
0 0.939733 0.438397 0.0492085 0.264656 0.759938
26 0.474738 0.885322 0.0755562 0.228882 0.733637
0 0.0340771 0.495949 0.0352313 0.172557 0.697455
0 0.823238 0.424053 0.0299473 0.202923 0.658471
0 0.415867 0.510235 0.0371319 0.334103 0.655608
26 0.645275 0.872992 0.0526972 0.248091 0.607693
24 0.567976 0.472296 0.113512 0.223028 0.604635
26 0.763405 0.643353 0.0361884 0.329412 0.592413
0 0.963201 0.436325 0.0284859 0.242318 0.511483
0 0.0362465 0.760216 0.0721608 0.466762 0.459229
0 0.0208576 0.590669 0.0415089 0.135751 0.457719
26 0.0369684 0.849684 0.0734176 0.294862 0.373313
0 0.0309974 0.380539 0.0173149 0.0680584 0.34513
24 0.567569 0.434388 0.110548 0.152322 0.315376
0 0.493358 0.390894 0.0218544 0.1041 0.295184
26 0.0303502 0.813624 0.0603294 0.215027 0.277566
0 0.049331 0.464926 0.0300512 0.240671 0.264059
0 0.0477091 0.412691 0.0275472 0.133411 0.25835
