0 0.38214 0.609196 0.171312 0.765894 0.930226
0 0.951691 0.662948 0.09582 0.661479 0.899893
0 0.0426332 0.69658 0.0847088 0.591185 0.891708
0 0.833022 0.453105 0.0499058 0.251272 0.872731
0 0.542174 0.679018 0.126786 0.630015 0.872209
0 0.146441 0.454427 0.0579042 0.254839 0.868435
26 0.479955 0.650471 0.0771698 0.327136 0.843028
0 0.0667336 0.485308 0.0478045 0.242749 0.801056
0 0.482471 0.430067 0.0461966 0.191508 0.758419
0 0.0437354 0.437057 0.0251544 0.152159 0.488473
26 0.94931 0.586466 0.0921474 0.245336 0.440199
0 0.908216 0.426482 0.035936 0.2239 0.402515
58 0.256531 0.399985 0.0724414 0.103003 0.397606
0 0.3126 0.428362 0.026843 0.173585 0.387592
26 0.949685 0.652387 0.0917788 0.115235 0.381419
0 0.025681 0.443336 0.0260971 0.147378 0.378602
0 0.107678 0.375567 0.0265042 0.0533864 0.375533
26 0.949569 0.626938 0.0920246 0.166005 0.359851
0 0.468603 0.419955 0.0214195 0.150864 0.359544
0 0.526708 0.410292 0.0298367 0.142227 0.351537
0 0.313006 0.405831 0.0255082 0.127339 0.300043
58 0.112061 0.456454 0.0326827 0.114585 0.262566
