0 0.380227 0.610858 0.168168 0.763026 0.93
0 0.953507 0.66167 0.092197 0.662082 0.887834
0 0.043946 0.699751 0.0872176 0.583977 0.886409
0 0.831023 0.453657 0.0490822 0.250529 0.87683
0 0.147073 0.454613 0.0588369 0.253291 0.871529
0 0.540607 0.67968 0.129212 0.63147 0.869021
26 0.476767 0.649323 0.0751915 0.328027 0.817247
0 0.0668361 0.486035 0.0475368 0.243757 0.802756
0 0.482743 0.429043 0.0452349 0.190111 0.775793
26 0.953281 0.639842 0.0917027 0.14101 0.453533
0 0.0262915 0.445526 0.0256999 0.142651 0.445323
26 0.952926 0.593035 0.0913513 0.234169 0.441682
0 0.0443497 0.437977 0.0253086 0.151553 0.435202
58 0.258294 0.397875 0.0759505 0.106258 0.395614
0 0.906993 0.428727 0.0341135 0.219772 0.334748
0 0.311998 0.428731 0.0265836 0.174686 0.318746
0 0.524971 0.409646 0.0288254 0.142202 0.295807
0 0.468693 0.41785 0.022168 0.144913 0.294158
0 0.107873 0.377492 0.0263235 0.0573589 0.283305
0 0.852572 0.422438 0.026869 0.20359 0.277565
0 0.00984067 0.436652 0.019409 0.158412 0.275517
58 0.111771 0.457585 0.0328745 0.112986 0.259674
