0 0.37702 0.612888 0.164406 0.758283 0.932121
0 0.955796 0.66017 0.0875149 0.659598 0.891155
0 0.146932 0.45548 0.0581229 0.253011 0.877712
0 0.0439636 0.69927 0.0872574 0.585106 0.875916
0 0.828956 0.453798 0.0495562 0.250793 0.87325
0 0.537782 0.678489 0.131172 0.631095 0.869299
26 0.472813 0.647771 0.0726006 0.327448 0.829439
0 0.0669284 0.48604 0.0470541 0.242955 0.798786
0 0.482452 0.425755 0.0448028 0.185143 0.703646
0 0.909874 0.423184 0.0297056 0.217282 0.510053
58 0.258691 0.398065 0.0778475 0.105955 0.451721
0 0.0258256 0.446187 0.0230539 0.140908 0.448126
0 0.0443693 0.438268 0.0255647 0.150686 0.407293
26 0.955029 0.594395 0.0881031 0.230912 0.379473
0 0.00998344 0.436284 0.0197722 0.15891 0.37001
26 0.955446 0.651929 0.0884666 0.116512 0.366105
0 0.311816 0.428992 0.0268131 0.174095 0.327005
26 0.172113 0.518903 0.0354233 0.0809679 0.308162
0 0.468922 0.417068 0.0224291 0.143811 0.306368
26 0.471106 0.709056 0.0663191 0.205411 0.279098
0 0.108121 0.378871 0.0255695 0.0596606 0.258232
58 0.111256 0.457506 0.0341741 0.113656 0.251349
