0 0.372349 0.612742 0.165771 0.757672 0.930787
0 0.958194 0.660144 0.0826469 0.659406 0.905468
0 0.149106 0.457263 0.0593861 0.252627 0.87168
0 0.5331 0.677091 0.129191 0.63583 0.870869
0 0.0436505 0.70102 0.086634 0.582056 0.842495
0 0.826326 0.451653 0.048068 0.24992 0.841127
26 0.471106 0.645126 0.0727085 0.334816 0.803912
0 0.0666999 0.484926 0.04705 0.24218 0.796534
0 0.483299 0.415462 0.040406 0.163253 0.694507
0 0.912436 0.423202 0.0301628 0.218165 0.529564
0 0.0270077 0.445724 0.0257603 0.140666 0.520736
39 0.303196 0.721948 0.0289284 0.102274 0.478148
26 0.174191 0.512093 0.0375883 0.100335 0.456693
0 0.00951407 0.437635 0.0188964 0.158757 0.444811
26 0.958049 0.653883 0.0830715 0.117207 0.41165
58 0.257293 0.398526 0.0767696 0.106572 0.382846
0 0.528948 0.35299 0.0131498 0.0316698 0.36797
0 0.044589 0.438453 0.0260491 0.149454 0.360726
0 0.93498 0.424728 0.0291805 0.200201 0.352725
0 0.467955 0.419553 0.0220673 0.143656 0.328055
26 0.957893 0.585965 0.0836246 0.251997 0.298174
26 0.470946 0.708571 0.0728671 0.205301 0.294356
0 0.459329 0.446459 0.0247403 0.195242 0.286742
58 0.109427 0.45506 0.0369022 0.119702 0.266127
