0 0.368418 0.612949 0.167039 0.757399 0.928236
0 0.960355 0.660032 0.0785002 0.65674 0.903779
0 0.528911 0.675621 0.130841 0.639567 0.879863
0 0.149689 0.458823 0.0597573 0.252066 0.869554
0 0.0435035 0.702368 0.0863605 0.580444 0.855912
0 0.825223 0.447886 0.047661 0.244878 0.850207
0 0.0665576 0.484468 0.0470296 0.241717 0.772957
0 0.483389 0.413316 0.038245 0.159509 0.710485
26 0.468045 0.641594 0.071273 0.327095 0.696532
0 0.911735 0.424264 0.0314667 0.21912 0.607381
0 0.936158 0.425578 0.0297087 0.204645 0.534778
0 0.0269713 0.446772 0.0246264 0.139244 0.485738
0 0.00874974 0.440333 0.017453 0.154856 0.463083
26 0.467903 0.701457 0.0724218 0.206228 0.429356
0 0.0450649 0.436748 0.0249099 0.148463 0.424339
26 0.960322 0.652795 0.0786098 0.126102 0.401286
1 0.833267 0.519252 0.0319595 0.10999 0.400212
26 0.175717 0.514301 0.040696 0.101208 0.39302
58 0.256661 0.398405 0.0748827 0.106903 0.380102
26 0.960307 0.59374 0.0787594 0.24532 0.374739
26 0.174283 0.522256 0.0339744 0.0831723 0.334647
0 0.467118 0.419727 0.0222137 0.143907 0.310235
0 0.45823 0.446181 0.0263275 0.196109 0.288179
0 0.528924 0.3492 0.0130166 0.0270564 0.283026
58 0.109315 0.455086 0.0367603 0.119812 0.26441
