0 0.365032 0.612767 0.170698 0.758175 0.932189
0 0.963793 0.666543 0.0714842 0.651047 0.888423
0 0.525854 0.673111 0.133552 0.640303 0.879144
0 0.15056 0.459826 0.0629192 0.252436 0.866787
0 0.0429924 0.701788 0.0853453 0.581528 0.851515
0 0.823361 0.447583 0.0469139 0.251047 0.831608
0 0.066924 0.482538 0.04694 0.240088 0.806808
0 0.483873 0.406791 0.0366962 0.154323 0.73032
26 0.462575 0.635966 0.0732175 0.324366 0.710531
26 0.963576 0.665404 0.0716774 0.107924 0.667203
0 0.911712 0.423161 0.0303951 0.221039 0.617273
0 0.421424 0.368891 0.0251925 0.0648958 0.552236
0 0.0271449 0.444818 0.026006 0.141813 0.51026
0 0.00785611 0.441111 0.0156047 0.151173 0.487319
0 0.93676 0.425697 0.0280582 0.207866 0.402128
0 0.0449945 0.436776 0.0220302 0.144976 0.378044
0 0.465504 0.415238 0.0226088 0.136344 0.377623
26 0.176282 0.516521 0.0343915 0.0981864 0.361091
13 0.674068 0.571327 0.167566 0.130872 0.282305
58 0.256582 0.397784 0.0742323 0.108299 0.267487
26 0.463703 0.694839 0.0755992 0.204246 0.250339
