0 0.358775 0.612433 0.166862 0.758359 0.933106
0 0.150734 0.460118 0.0633173 0.253375 0.872801
0 0.965797 0.671024 0.0674322 0.641708 0.862151
0 0.521648 0.672582 0.135006 0.638351 0.849782
0 0.0426304 0.700898 0.0846159 0.583266 0.843323
0 0.822084 0.44715 0.0445644 0.254096 0.832741
0 0.0671988 0.482681 0.0466548 0.242663 0.814241
0 0.482881 0.405593 0.035353 0.153115 0.769737
26 0.460723 0.63365 0.0752977 0.326267 0.76006
0 0.912001 0.423925 0.0310631 0.221918 0.611112
0 0.0275006 0.444572 0.02735 0.142408 0.590349
0 0.421531 0.374726 0.0268564 0.0764441 0.578212
0 0.00739118 0.441626 0.0146691 0.152618 0.54748
26 0.966189 0.669645 0.0669291 0.108579 0.412199
0 0.0452144 0.437043 0.020681 0.144857 0.404039
26 0.175316 0.518167 0.0302074 0.0967304 0.378501
0 0.464507 0.4146 0.0235529 0.138148 0.341856
58 0.256692 0.39839 0.0737701 0.106234 0.322154
13 0.672219 0.572128 0.171286 0.131767 0.265205
