0 0.355123 0.612151 0.166638 0.759898 0.939853
0 0.821104 0.446662 0.0451725 0.256171 0.875402
0 0.520756 0.672306 0.130421 0.638514 0.86209
0 0.15008 0.459769 0.0625085 0.254561 0.861565
0 0.968342 0.698158 0.0623556 0.583265 0.847548
0 0.064953 0.481191 0.0500429 0.244615 0.801559
0 0.0420109 0.703566 0.0833972 0.577982 0.794849
0 0.48167 0.404604 0.031156 0.151434 0.753667
26 0.456964 0.631621 0.0740622 0.326194 0.737351
0 0.421965 0.379394 0.0269281 0.0820201 0.674322
0 0.912525 0.423857 0.0321995 0.223722 0.616003
0 0.00739864 0.441291 0.0147263 0.155782 0.571555
0 0.0279553 0.444015 0.0266832 0.1426 0.531044
0 0.045366 0.43721 0.0202562 0.144534 0.388182
26 0.179724 0.514369 0.0370948 0.105077 0.37704
26 0.456302 0.691985 0.0726417 0.200167 0.330487
0 0.463903 0.412887 0.0228909 0.135605 0.292717
13 0.670056 0.572105 0.175656 0.130698 0.280564
58 0.256563 0.397983 0.0749286 0.106781 0.270842
26 0.968392 0.673885 0.0619286 0.103741 0.250907
