0 0.349694 0.612307 0.164061 0.760903 0.938566
0 0.148402 0.459041 0.0594643 0.254428 0.874049
0 0.523593 0.671886 0.143114 0.639486 0.866217
0 0.818602 0.448606 0.0441231 0.248973 0.83591
0 0.972199 0.68741 0.0546427 0.60058 0.817491
0 0.0659065 0.481725 0.0484832 0.244742 0.806549
0 0.0409247 0.704927 0.0812596 0.575365 0.768342
26 0.452657 0.628316 0.0717299 0.320292 0.743704
0 0.479515 0.400948 0.0269582 0.144679 0.688015
0 0.42262 0.391658 0.0272912 0.104749 0.633254
0 0.912109 0.425552 0.0322777 0.220887 0.61604
0 0.0277524 0.444126 0.0273294 0.142845 0.530973
0 0.00728706 0.440354 0.0145183 0.154599 0.51583
26 0.182486 0.515634 0.0375237 0.104009 0.475927
0 0.0458096 0.436483 0.0208912 0.144334 0.371101
0 0.936794 0.427234 0.0273193 0.204898 0.264743
