0 0.346979 0.612536 0.163978 0.76199 0.935361
0 0.524166 0.672305 0.156145 0.640768 0.890402
0 0.148107 0.45831 0.0587954 0.254422 0.878393
0 0.818519 0.450352 0.0468166 0.248257 0.840779
26 0.448515 0.627786 0.0675707 0.320585 0.820671
0 0.0661867 0.481175 0.048319 0.244672 0.80657
0 0.974678 0.681433 0.0496717 0.607039 0.779977
0 0.0403827 0.69611 0.0801054 0.594836 0.754825
0 0.479135 0.400337 0.0253911 0.144973 0.691625
0 0.422586 0.395878 0.0273521 0.109153 0.667313
0 0.909127 0.425653 0.0398369 0.224392 0.625105
0 0.0074777 0.44086 0.01484 0.154281 0.500215
0 0.027576 0.443525 0.0261887 0.145186 0.474878
26 0.183245 0.515298 0.0374892 0.104057 0.429402
0 0.459971 0.410135 0.0201624 0.126853 0.38085
0 0.994093 0.4222 0.011084 0.0992352 0.307322
0 0.937445 0.427905 0.0278675 0.203621 0.305598
0 0.0454091 0.436714 0.0204134 0.146146 0.29515
13 0.665544 0.575953 0.184189 0.138192 0.276356
