0 0.145849 0.638813 0.185734 0.706652 0.932156
0 0.914215 0.658913 0.170833 0.662033 0.929533
0 0.378572 0.628573 0.144779 0.732994 0.912027
0 0.841655 0.444478 0.0518364 0.239288 0.821961
0 0.875714 0.418628 0.0399427 0.213419 0.790984
26 0.438611 0.780258 0.0527595 0.214081 0.780217
0 0.529832 0.436778 0.0483775 0.234842 0.775063
26 0.310222 0.763439 0.0542322 0.178541 0.769528
0 0.471944 0.429944 0.0272354 0.181159 0.766211
26 0.983826 0.737125 0.0313742 0.436099 0.760427
0 0.0411216 0.468458 0.0419323 0.24489 0.748546
0 0.0710228 0.465301 0.0497399 0.247581 0.731157
0 0.508232 0.423002 0.0212687 0.172277 0.71977
0 0.0168877 0.418736 0.0240315 0.137302 0.689499
26 0.242333 0.830481 0.0789943 0.137336 0.613264
0 0.699197 0.4252 0.0313229 0.199674 0.533071
0 0.556131 0.441822 0.0284977 0.205071 0.473448
0 0.210975 0.419061 0.0375197 0.113817 0.457281
0 0.332996 0.43978 0.0532294 0.244089 0.45696
26 0.244703 0.76601 0.0842542 0.265335 0.321461
26 0.218583 0.631903 0.143398 0.409853 0.297985
24 0.375562 0.450998 0.105093 0.151404 0.2878
