0 0.57468 0.602262 0.182266 0.779082 0.926564
0 0.714057 0.672248 0.136921 0.645164 0.898018
0 0.449926 0.518775 0.0814929 0.389809 0.88928
0 0.364538 0.514303 0.0711827 0.410816 0.863951
0 0.916377 0.452145 0.05749 0.252512 0.842239
0 0.0731488 0.468129 0.0507006 0.240174 0.801765
0 0.942129 0.434328 0.047455 0.258351 0.792547
0 0.239873 0.467658 0.0424842 0.229657 0.787682
26 0.65203 0.876639 0.0582878 0.244405 0.740489
0 0.195657 0.471656 0.0452311 0.226185 0.733929
0 0.0332564 0.495596 0.0342885 0.172318 0.699475
0 0.818657 0.425175 0.0315926 0.203068 0.696023
0 0.726365 0.384598 0.0386115 0.162036 0.64193
26 0.492833 0.890413 0.094626 0.216191 0.627755
0 0.032102 0.756977 0.0635375 0.468327 0.616999
0 0.417051 0.511491 0.0348205 0.335683 0.58251
26 0.757197 0.636212 0.0433466 0.33878 0.543983
0 0.96429 0.417064 0.0298244 0.2019 0.51464
24 0.575204 0.47897 0.111524 0.229389 0.4783
26 0.0234311 0.832921 0.0465271 0.185434 0.412657
0 0.0308222 0.380547 0.0169285 0.0674973 0.34935
24 0.180963 0.433012 0.0264882 0.0798996 0.345331
24 0.577719 0.445321 0.110671 0.163387 0.331065
0 0.018709 0.583749 0.0372806 0.124089 0.321981
0 0.491528 0.40544 0.0226279 0.11782 0.303376
26 0.751903 0.692694 0.0310358 0.224844 0.301904
58 0.27427 0.400372 0.0575365 0.123592 0.259974
0 0.0471916 0.412637 0.0287332 0.131736 0.258242
0 0.0474733 0.463578 0.029817 0.237349 0.254505
