0 0.343989 0.612062 0.162587 0.761094 0.929355
0 0.525762 0.671128 0.164304 0.637761 0.900444
0 0.148797 0.457002 0.059172 0.257225 0.874003
0 0.04026 0.699882 0.0799146 0.585044 0.8194
26 0.446339 0.628913 0.0663828 0.31636 0.817047
0 0.813316 0.451462 0.0441895 0.244342 0.814944
0 0.0663386 0.481443 0.0476996 0.2439 0.792657
0 0.478846 0.403224 0.0234847 0.142183 0.680074
0 0.978418 0.719846 0.0421728 0.548353 0.678638
0 0.42253 0.39727 0.0276459 0.112279 0.658436
0 0.90995 0.427113 0.0437874 0.223472 0.631045
0 0.938461 0.426538 0.026498 0.201014 0.449267
0 0.00790676 0.440506 0.0158011 0.154986 0.441831
0 0.0277142 0.443669 0.0265807 0.144863 0.437406
0 0.992315 0.421105 0.0146729 0.116482 0.389856
0 0.459191 0.41001 0.0212257 0.127567 0.37767
26 0.184278 0.513115 0.0380231 0.107561 0.314601
0 0.838662 0.426116 0.0407448 0.218382 0.30094
0 0.82759 0.391004 0.0298586 0.155464 0.257477
13 0.66492 0.575707 0.185708 0.137424 0.256386
0 0.828649 0.424833 0.0310017 0.224744 0.251214
