0 0.342361 0.611985 0.1593 0.762028 0.930568
0 0.525572 0.671665 0.168603 0.638109 0.904146
0 0.149354 0.45729 0.060696 0.256505 0.873777
0 0.811156 0.451228 0.0462929 0.245226 0.846613
26 0.444628 0.627855 0.065905 0.319093 0.833258
0 0.0648784 0.481002 0.0502948 0.242939 0.812425
0 0.040061 0.693368 0.0794531 0.598548 0.790078
0 0.421696 0.40048 0.0285303 0.120885 0.715342
0 0.478828 0.404082 0.0251287 0.141228 0.650642
0 0.915921 0.426828 0.0389816 0.221259 0.601288
0 0.981309 0.722814 0.0364502 0.536684 0.523401
26 0.185839 0.516549 0.0414795 0.108424 0.457573
0 0.0276982 0.442989 0.0266946 0.146322 0.450422
0 0.007404 0.443488 0.014799 0.151822 0.444907
0 0.459297 0.40794 0.0222624 0.130512 0.43562
0 0.991733 0.418977 0.0158192 0.127373 0.421967
0 0.940676 0.426512 0.0269146 0.206212 0.368215
0 0.827529 0.420702 0.0347027 0.215397 0.347448
0 0.0458821 0.435698 0.0214373 0.14836 0.256497
