0 0.341242 0.611083 0.156269 0.762631 0.928139
0 0.525527 0.671979 0.170858 0.638428 0.907039
0 0.808527 0.450986 0.0493973 0.243778 0.865821
0 0.0400671 0.697978 0.079524 0.589561 0.865567
0 0.14953 0.457789 0.0580692 0.259538 0.861369
26 0.44403 0.630024 0.0659151 0.315235 0.857353
0 0.0650855 0.480887 0.0497873 0.243297 0.820492
0 0.421282 0.412831 0.0289316 0.145366 0.683763
0 0.477363 0.404806 0.0268218 0.140296 0.623104
0 0.914772 0.429088 0.0418642 0.221876 0.612891
26 0.186819 0.516127 0.0418494 0.109611 0.501339
0 0.941327 0.425746 0.0304039 0.207068 0.429378
0 0.458123 0.408875 0.0228123 0.127191 0.415842
0 0.983692 0.676171 0.0316235 0.60775 0.395056
0 0.0276926 0.446973 0.0257192 0.138809 0.334459
0 0.0072176 0.440533 0.0142752 0.144751 0.333982
0 0.983692 0.578546 0.031752 0.450383 0.324987
0 0.991498 0.418945 0.0163319 0.134279 0.323849
0 0.837448 0.427673 0.0534843 0.209757 0.299554
0 0.526927 0.368195 0.0178003 0.0544402 0.29022
0 0.823387 0.414616 0.0281017 0.201572 0.268466
