0 0.340082 0.610791 0.149991 0.764691 0.925966
0 0.52493 0.675448 0.172175 0.634511 0.910036
0 0.0403612 0.69866 0.0801126 0.58888 0.880818
0 0.806572 0.449993 0.048181 0.24135 0.862964
0 0.14721 0.458227 0.0527885 0.258743 0.843867
26 0.442158 0.631366 0.0654339 0.314501 0.83813
0 0.0646175 0.481033 0.0479295 0.240131 0.818651
0 0.421113 0.414464 0.0293661 0.14876 0.750647
0 0.914883 0.429046 0.0390102 0.221913 0.665755
26 0.187639 0.517419 0.0416547 0.11207 0.583477
0 0.47636 0.404354 0.0278691 0.137046 0.552214
0 0.822574 0.419459 0.0305391 0.212969 0.501956
0 0.942049 0.425654 0.0282623 0.206183 0.466448
0 0.526284 0.372369 0.0187755 0.0606299 0.457037
0 0.991133 0.432826 0.0171305 0.178087 0.429835
0 0.456312 0.40976 0.0231577 0.129626 0.374338
0 0.0282077 0.443137 0.0251358 0.149209 0.370399
0 0.987552 0.575466 0.0239403 0.436594 0.319968
0 0.00768025 0.438378 0.0152331 0.13967 0.276471
0 0.451409 0.410716 0.0311853 0.132705 0.254543
