0 0.338898 0.610089 0.146391 0.763964 0.926344
0 0.523808 0.676353 0.171424 0.632752 0.910664
0 0.0405843 0.697667 0.0805515 0.590079 0.884328
0 0.148174 0.458588 0.053469 0.258805 0.848854
26 0.440507 0.631875 0.0663721 0.313435 0.823059
0 0.0646435 0.481112 0.0476332 0.239334 0.814642
0 0.420722 0.413724 0.0303827 0.147209 0.745689
0 0.915536 0.427827 0.0391905 0.222901 0.679771
0 0.805324 0.448514 0.0469589 0.239276 0.605026
0 0.821168 0.419326 0.0302908 0.212521 0.592041
0 0.475662 0.401318 0.0264692 0.131443 0.516332
26 0.189247 0.519889 0.0400141 0.111784 0.503329
0 0.942041 0.425675 0.0281223 0.206653 0.42278
0 0.456056 0.408276 0.0228375 0.133731 0.37742
0 0.990635 0.431179 0.0181292 0.203159 0.376208
0 0.028471 0.443926 0.0250388 0.148618 0.365243
0 0.525942 0.373341 0.0183457 0.0630318 0.33363
0 0.990087 0.557351 0.0188885 0.458673 0.292501
