0 0.335774 0.611856 0.142286 0.763871 0.924793
0 0.520724 0.675693 0.167875 0.633769 0.898839
0 0.0407891 0.699325 0.0810073 0.587031 0.893411
0 0.148695 0.459164 0.0520267 0.258386 0.835387
26 0.438266 0.628224 0.068515 0.31395 0.818465
0 0.0639396 0.481002 0.0471703 0.237524 0.7985
0 0.420729 0.414126 0.0311619 0.148617 0.759422
0 0.819633 0.422572 0.0315462 0.213586 0.679448
0 0.797959 0.43198 0.042454 0.210085 0.639035
0 0.917466 0.423209 0.0388672 0.221278 0.590889
0 0.989861 0.424757 0.0192795 0.234962 0.426909
0 0.473694 0.403137 0.0246155 0.133397 0.390539
0 0.0292917 0.446138 0.0260009 0.14192 0.366213
26 0.177987 0.495564 0.0249906 0.0714711 0.359043
26 0.191219 0.530676 0.0375136 0.087494 0.318089
26 0.190298 0.517821 0.0382871 0.120215 0.314593
0 0.9458 0.425387 0.032099 0.207638 0.30753
0 0.990134 0.557139 0.0189026 0.499461 0.275894
0 0.455314 0.408512 0.0226057 0.132179 0.265191
0 0.525284 0.373456 0.0179815 0.0656216 0.255993
