0 0.333892 0.612638 0.142341 0.762176 0.921898
0 0.041249 0.70078 0.0818665 0.583982 0.902172
0 0.51735 0.675072 0.165255 0.63736 0.887033
0 0.150475 0.459333 0.0552896 0.257627 0.8276
0 0.0626117 0.481617 0.0481121 0.236368 0.787438
0 0.794396 0.437865 0.0420366 0.223235 0.772708
26 0.437298 0.6247 0.0676405 0.309048 0.766665
0 0.420743 0.413928 0.0309643 0.148169 0.731246
0 0.818573 0.422604 0.0322464 0.212791 0.686751
0 0.918674 0.423466 0.037225 0.220113 0.589801
0 0.471961 0.403962 0.0236467 0.135712 0.524869
0 0.989632 0.560166 0.0198116 0.507287 0.481182
26 0.191537 0.525753 0.0373499 0.103952 0.344023
0 0.0288579 0.445016 0.0257123 0.143934 0.33665
26 0.178046 0.49831 0.0249944 0.0687503 0.307315
36 0.808974 0.534905 0.0196535 0.0596822 0.299224
0 0.846448 0.427367 0.0363237 0.202276 0.275756
0 0.454522 0.407661 0.0208497 0.131463 0.253988
