0 0.332458 0.613321 0.142279 0.760182 0.916913
0 0.0418393 0.700878 0.0829855 0.583976 0.903186
0 0.512802 0.674021 0.161098 0.636533 0.87086
0 0.790842 0.438645 0.0448795 0.224496 0.833298
0 0.151167 0.460262 0.0551341 0.256994 0.825203
26 0.435953 0.620943 0.0681585 0.308169 0.76826
0 0.0616505 0.481736 0.0456946 0.237162 0.767915
0 0.420979 0.412438 0.0311663 0.15 0.736461
0 0.81763 0.421901 0.0326878 0.211109 0.723678
0 0.988813 0.449758 0.0213482 0.284549 0.607412
0 0.919658 0.423675 0.03573 0.214654 0.556349
0 0.47005 0.40249 0.0277293 0.133384 0.550136
0 0.846107 0.430759 0.0375462 0.203658 0.413809
26 0.178413 0.499072 0.024719 0.0702738 0.39584
26 0.19148 0.520625 0.0386592 0.12251 0.368947
0 0.0277018 0.441193 0.0278419 0.151302 0.361613
0 0.453857 0.379555 0.0176741 0.0689211 0.344422
26 0.43403 0.680171 0.0631666 0.190345 0.339684
0 0.946578 0.425756 0.0337639 0.207977 0.33748
0 0.524321 0.369918 0.0170195 0.0607725 0.31582
