0 0.330282 0.613357 0.140211 0.756172 0.919821
0 0.0424208 0.701647 0.0840588 0.580912 0.915537
0 0.505096 0.672964 0.149067 0.638988 0.867026
0 0.786625 0.436434 0.0451815 0.223157 0.845063
0 0.152114 0.461982 0.0536537 0.257482 0.830012
0 0.0606795 0.48138 0.0440999 0.235971 0.784482
26 0.432932 0.618328 0.067313 0.304031 0.765011
0 0.815525 0.421221 0.0341557 0.212566 0.734863
0 0.421951 0.411048 0.0309393 0.149101 0.718034
0 0.986909 0.453865 0.0252514 0.295927 0.693138
0 0.468123 0.401171 0.027172 0.13186 0.61895
0 0.920034 0.424655 0.0361958 0.215047 0.568277
0 0.522664 0.369075 0.01718 0.0587133 0.367209
0 0.106772 0.381268 0.0243542 0.0509343 0.34183
0 0.453491 0.379094 0.0178761 0.0682436 0.33944
26 0.190782 0.524124 0.0395676 0.11231 0.3233
0 0.988135 0.505052 0.0228792 0.399515 0.317613
0 0.847249 0.428577 0.0347481 0.200768 0.311276
0 0.0273202 0.44476 0.0255836 0.147094 0.299439
26 0.178998 0.500048 0.024864 0.0708535 0.28647
26 0.427562 0.678055 0.056645 0.186053 0.25431
