0 0.0429591 0.70237 0.0851342 0.578609 0.916609
0 0.328819 0.614536 0.140406 0.756177 0.913417
0 0.783757 0.436604 0.0472822 0.222904 0.874466
0 0.49847 0.673171 0.140346 0.639318 0.86097
0 0.15331 0.46199 0.0520598 0.257125 0.846449
0 0.0599569 0.480064 0.0438516 0.233501 0.794729
26 0.431489 0.615665 0.0677698 0.306338 0.785268
0 0.981984 0.456436 0.0351959 0.301708 0.750777
0 0.81463 0.421738 0.0356636 0.213827 0.733164
0 0.422219 0.41092 0.0308863 0.150332 0.720835
0 0.4681 0.398782 0.0239447 0.129188 0.559798
0 0.920441 0.423841 0.0374535 0.213183 0.50078
0 0.521672 0.366769 0.017153 0.0539703 0.407522
0 0.454014 0.393671 0.0197819 0.104682 0.368672
0 0.0276579 0.440491 0.0268462 0.156986 0.35522
0 0.846404 0.429249 0.0347733 0.201756 0.352261
26 0.19181 0.534477 0.0374444 0.0901433 0.321326
