0 0.57962 0.605622 0.181237 0.772895 0.915873
0 0.71031 0.671068 0.134999 0.646798 0.89082
0 0.449504 0.518823 0.080813 0.389304 0.889261
0 0.36691 0.51486 0.0704304 0.410197 0.87076
0 0.916647 0.452712 0.0567661 0.252026 0.836912
0 0.0728905 0.46911 0.0507678 0.240909 0.810489
0 0.943966 0.434167 0.0467072 0.258211 0.80206
0 0.240241 0.469588 0.0416293 0.229902 0.80125
0 0.817573 0.424263 0.033363 0.204324 0.760237
0 0.0343265 0.495855 0.0356007 0.17459 0.728768
0 0.19482 0.471482 0.0452667 0.227477 0.717916
24 0.582451 0.481048 0.109402 0.215494 0.657167
26 0.660893 0.885735 0.0683523 0.226597 0.656137
0 0.726076 0.390789 0.0383034 0.165636 0.633667
26 0.4945 0.894748 0.0867868 0.207301 0.602029
0 0.418056 0.512335 0.0351362 0.340274 0.579262
0 0.0279219 0.756186 0.05525 0.469252 0.568462
26 0.751408 0.634598 0.0447071 0.331804 0.513688
0 0.964423 0.418109 0.0304834 0.202249 0.425273
0 0.0306793 0.37977 0.0167809 0.0661516 0.351849
0 0.490065 0.404942 0.0242792 0.14014 0.349157
26 0.0188546 0.842095 0.037416 0.171168 0.332359
24 0.583652 0.449309 0.104856 0.161183 0.280488
0 0.0466557 0.411507 0.0283112 0.127223 0.258364
