0 0.0433597 0.703723 0.0859226 0.575271 0.921254
0 0.326608 0.615688 0.140873 0.752694 0.902942
0 0.781176 0.437715 0.0505116 0.221438 0.872989
0 0.489756 0.671485 0.132889 0.640476 0.855219
0 0.156552 0.46156 0.0609536 0.260444 0.845176
26 0.428631 0.618449 0.0694788 0.312496 0.798853
0 0.0597674 0.477273 0.0442109 0.23282 0.792721
0 0.813583 0.422127 0.0365735 0.214625 0.788075
0 0.980102 0.455422 0.0389515 0.302584 0.7843
0 0.422817 0.411189 0.0315403 0.151227 0.722147
0 0.919695 0.418589 0.036467 0.207469 0.392083
0 0.467218 0.393585 0.0290461 0.123371 0.379112
0 0.453773 0.386904 0.0190385 0.0857785 0.353422
26 0.190728 0.52469 0.038684 0.110878 0.347122
0 0.847985 0.426542 0.033976 0.201401 0.342786
0 0.51971 0.366278 0.0171247 0.0546249 0.297389
