0 0.0434541 0.702483 0.0861149 0.57788 0.922846
0 0.324571 0.615639 0.140591 0.750451 0.902089
0 0.77869 0.437983 0.0508064 0.22019 0.875337
0 0.157566 0.461156 0.0629032 0.261848 0.871971
0 0.485378 0.672077 0.130281 0.641766 0.855201
0 0.97945 0.453534 0.0402313 0.306464 0.813814
0 0.812216 0.422469 0.0363659 0.215936 0.795177
0 0.0592755 0.477029 0.0435595 0.236053 0.790822
26 0.426552 0.613965 0.0700905 0.304728 0.77446
0 0.422957 0.410527 0.0320826 0.150375 0.73958
0 0.466366 0.394997 0.0279723 0.1288 0.423845
0 0.919108 0.422601 0.0343357 0.212776 0.411991
26 0.426276 0.669001 0.068541 0.194696 0.333066
0 0.518692 0.400868 0.0185823 0.123755 0.330504
0 0.452748 0.381953 0.0167586 0.0725635 0.324539
26 0.191366 0.52586 0.03806 0.101614 0.305674
