0 0.043524 0.701149 0.0862819 0.580786 0.919556
0 0.323326 0.617581 0.138246 0.753088 0.90403
0 0.482979 0.671512 0.123404 0.641262 0.89349
0 0.157907 0.460304 0.0612228 0.263267 0.869336
0 0.776205 0.438982 0.0506063 0.220467 0.85409
0 0.979219 0.453249 0.040694 0.307798 0.799929
0 0.809968 0.422365 0.0336885 0.216015 0.783555
0 0.0595465 0.476086 0.0443798 0.236661 0.774877
0 0.423366 0.411201 0.0314675 0.151446 0.739506
26 0.424842 0.616542 0.0709268 0.30763 0.57753
26 0.424464 0.670351 0.0679738 0.199222 0.536562
0 0.518 0.40245 0.018702 0.125465 0.476521
0 0.922418 0.422511 0.0310425 0.211798 0.433596
26 0.19097 0.520179 0.0384801 0.107824 0.331329
0 0.392559 0.423456 0.0228821 0.15397 0.306177
0 0.463797 0.392814 0.030506 0.123688 0.256045
