0 0.0435343 0.701118 0.086424 0.581145 0.91961
0 0.321714 0.61748 0.137791 0.753359 0.91352
0 0.4786 0.673212 0.122934 0.638038 0.883521
0 0.159225 0.458722 0.0602484 0.267551 0.861392
0 0.773091 0.440188 0.0483149 0.214877 0.835021
0 0.807746 0.421823 0.035021 0.21753 0.776105
0 0.98185 0.452608 0.0354389 0.307203 0.751802
0 0.0591783 0.465964 0.0448774 0.216638 0.736569
0 0.423853 0.412568 0.032183 0.151655 0.728047
26 0.422963 0.616041 0.0710924 0.302895 0.574531
26 0.420968 0.669848 0.0672802 0.194675 0.474678
0 0.9235 0.424233 0.0303471 0.209729 0.467866
0 0.516086 0.405317 0.0201622 0.130533 0.450384
0 0.39336 0.421143 0.0222382 0.153205 0.417647
26 0.191367 0.517043 0.0378966 0.108158 0.299865
