0 0.32118 0.616571 0.13769 0.754866 0.924152
0 0.0436223 0.701362 0.0865854 0.581208 0.917395
0 0.473503 0.673297 0.124116 0.638247 0.894667
0 0.159354 0.45914 0.0609347 0.268847 0.863947
0 0.770456 0.439834 0.0487864 0.213804 0.856721
0 0.806675 0.421785 0.0358324 0.217055 0.762116
0 0.980821 0.455981 0.0373146 0.300705 0.744257
0 0.0590751 0.464952 0.0449768 0.214641 0.739794
0 0.424124 0.412042 0.0327789 0.149463 0.719003
26 0.420707 0.61649 0.0706303 0.305372 0.615443
0 0.514666 0.407158 0.0210711 0.13373 0.575202
0 0.923329 0.425229 0.0290127 0.210804 0.500381
26 0.418321 0.671652 0.0661304 0.192831 0.480933
0 0.942905 0.42503 0.0254951 0.201457 0.351153
26 0.191395 0.515058 0.0375681 0.11016 0.350272
0 0.393208 0.383115 0.0193528 0.0751957 0.258036
