0 0.320547 0.616318 0.138169 0.755552 0.924398
0 0.0432516 0.70169 0.0858177 0.58104 0.915088
0 0.468795 0.674483 0.126583 0.637061 0.878024
0 0.159507 0.45929 0.0619767 0.267063 0.869397
0 0.76882 0.441853 0.047891 0.215801 0.865103
0 0.805461 0.422045 0.0365223 0.21753 0.775987
0 0.980114 0.453971 0.0389153 0.304965 0.768678
0 0.058645 0.464313 0.0444792 0.210071 0.730297
0 0.425317 0.41272 0.034049 0.148658 0.725728
26 0.417622 0.613028 0.0722238 0.298758 0.646905
0 0.513983 0.412662 0.0213896 0.145006 0.530852
26 0.415788 0.671229 0.0671362 0.186622 0.530396
0 0.923589 0.425517 0.0293442 0.214911 0.508289
26 0.191166 0.492135 0.0378972 0.158642 0.415918
0 0.941188 0.42354 0.0237339 0.201534 0.308024
0 0.394548 0.38591 0.0194889 0.0795044 0.250825
