0 0.318927 0.61576 0.141659 0.754241 0.924335
0 0.0429284 0.700575 0.0851622 0.581084 0.913802
0 0.465659 0.676312 0.124087 0.634956 0.874481
0 0.159815 0.458891 0.0624232 0.267486 0.870992
0 0.766635 0.440402 0.0468105 0.215659 0.858493
0 0.802926 0.422597 0.0369368 0.220821 0.838083
0 0.978092 0.453056 0.0427572 0.30568 0.809001
0 0.0579616 0.462734 0.0450766 0.204496 0.731826
0 0.426952 0.412434 0.0343584 0.146806 0.708102
26 0.413791 0.62167 0.0682686 0.301064 0.632112
0 0.511565 0.415886 0.0213009 0.148675 0.58119
0 0.925124 0.42384 0.030328 0.215887 0.467137
26 0.413027 0.675232 0.0665038 0.190763 0.466746
26 0.192203 0.492143 0.0357706 0.156762 0.380979
0 0.103586 0.37991 0.0209272 0.0476435 0.337568
