0 0.317781 0.615657 0.142045 0.753522 0.925339
0 0.042301 0.700928 0.0840174 0.582574 0.912025
0 0.159965 0.459794 0.0620028 0.266262 0.874509
0 0.465544 0.67815 0.117794 0.633184 0.856698
0 0.801605 0.42164 0.0365232 0.220836 0.848024
0 0.764708 0.438701 0.0450987 0.216161 0.838151
26 0.410726 0.622846 0.0694046 0.298318 0.776786
0 0.976939 0.453946 0.0447567 0.303871 0.775454
0 0.0572668 0.4614 0.0439161 0.200966 0.710883
0 0.426861 0.411756 0.0326815 0.144014 0.621812
0 0.510175 0.42977 0.0231415 0.174081 0.558714
0 0.925634 0.421954 0.0309702 0.220304 0.527219
26 0.191977 0.516804 0.035919 0.105761 0.366165
0 0.103487 0.379441 0.0205939 0.0461636 0.341055
0 0.945261 0.423433 0.0293037 0.204319 0.270354
