0 0.316268 0.613775 0.143153 0.756533 0.914861
0 0.0406902 0.700404 0.080904 0.581027 0.912145
0 0.79934 0.422277 0.0378342 0.219921 0.864142
0 0.16173 0.459084 0.0622752 0.267009 0.859603
0 0.763513 0.439483 0.0441492 0.216686 0.855366
0 0.975118 0.453969 0.0486755 0.30374 0.837185
0 0.461689 0.677372 0.113688 0.635795 0.831617
26 0.405628 0.622772 0.0670449 0.30205 0.825869
0 0.0572504 0.460519 0.0423648 0.196696 0.690716
0 0.507128 0.430228 0.0288026 0.176635 0.619748
0 0.42789 0.410084 0.0326777 0.143675 0.551771
0 0.926643 0.420898 0.0303587 0.219664 0.539577
26 0.192656 0.517782 0.0354917 0.105742 0.458139
24 0.983525 0.397744 0.0320248 0.109567 0.434268
0 0.103283 0.379464 0.0208618 0.046373 0.377705
