0 0.315073 0.613115 0.142423 0.755979 0.917072
0 0.0395592 0.701001 0.0786877 0.580797 0.908773
0 0.762901 0.437672 0.0433804 0.219256 0.858426
0 0.973474 0.454022 0.0523899 0.306756 0.855237
0 0.162226 0.459275 0.0632574 0.263863 0.850082
0 0.798666 0.422533 0.0370553 0.219059 0.84765
0 0.458763 0.676025 0.110435 0.636163 0.837487
0 0.506424 0.430251 0.0284292 0.176757 0.726684
26 0.403239 0.617611 0.0681763 0.307213 0.697171
0 0.0572204 0.459652 0.0422611 0.195019 0.673507
0 0.428441 0.409647 0.032144 0.141553 0.593267
0 0.926108 0.42298 0.0314507 0.218254 0.492865
26 0.192623 0.517896 0.0341928 0.109534 0.365678
24 0.98086 0.398163 0.0374729 0.10884 0.360897
0 0.103098 0.378873 0.0209511 0.0447805 0.357413
