0 0.581295 0.607491 0.174729 0.76836 0.907369
0 0.449685 0.518834 0.0812178 0.390151 0.886639
0 0.368016 0.513816 0.0736447 0.410581 0.873199
0 0.707117 0.669129 0.13126 0.652621 0.872114
0 0.916268 0.452416 0.0554226 0.254386 0.844463
0 0.81546 0.42456 0.0378187 0.204361 0.814779
0 0.240424 0.468499 0.0414601 0.228687 0.812314
0 0.0734282 0.467823 0.0510081 0.240248 0.781783
0 0.946529 0.433975 0.0487885 0.260146 0.764596
0 0.0335839 0.495428 0.0345779 0.175097 0.739283
0 0.194395 0.470557 0.0449102 0.228019 0.727641
0 0.0217782 0.759035 0.0432514 0.458674 0.705015
26 0.49824 0.898107 0.0824273 0.200878 0.685993
0 0.726403 0.39274 0.0418812 0.172504 0.677152
26 0.663213 0.890517 0.0571009 0.216184 0.652556
24 0.592798 0.482902 0.114913 0.209696 0.580924
26 0.738785 0.636662 0.0336034 0.320337 0.57461
0 0.547389 0.369104 0.0331148 0.0786263 0.522449
0 0.965324 0.418609 0.0327278 0.20185 0.505739
0 0.419459 0.510367 0.0336695 0.33954 0.432054
0 0.0305855 0.380731 0.0163937 0.0667462 0.363768
24 0.591579 0.450128 0.10871 0.150315 0.351854
24 0.182586 0.432257 0.0263252 0.0811389 0.351462
