0 0.312559 0.613257 0.14207 0.756442 0.919024
0 0.0380661 0.701477 0.0757442 0.58501 0.900539
0 0.972118 0.454024 0.0542454 0.307541 0.851707
0 0.163874 0.459494 0.0642182 0.262318 0.850155
0 0.761348 0.437059 0.0410753 0.220114 0.846035
0 0.797041 0.423082 0.0377104 0.217664 0.816604
0 0.455351 0.6772 0.110863 0.63328 0.810499
0 0.504693 0.429016 0.0291084 0.176516 0.731045
26 0.401041 0.615888 0.0699064 0.305877 0.724958
0 0.0574682 0.459271 0.0419337 0.193861 0.660086
24 0.980917 0.400164 0.0371532 0.10964 0.592759
0 0.427729 0.408736 0.0282215 0.138844 0.579522
0 0.927476 0.421157 0.0284897 0.217672 0.433501
0 0.103241 0.379713 0.0219821 0.0465602 0.33803
0 0.386769 0.441079 0.0314878 0.114579 0.270583
