0 0.310317 0.613898 0.14005 0.755113 0.919987
0 0.0363725 0.701071 0.0721699 0.583369 0.899232
0 0.449388 0.678881 0.115622 0.635932 0.869814
0 0.163495 0.461915 0.0646675 0.263859 0.862702
0 0.969388 0.45317 0.0586082 0.304925 0.844445
0 0.759299 0.436441 0.0414825 0.21723 0.799319
0 0.795127 0.423495 0.0396654 0.219942 0.788418
0 0.503182 0.42897 0.0283626 0.177952 0.694187
24 0.979372 0.402645 0.0325638 0.113082 0.662593
0 0.0567066 0.460263 0.0423184 0.19556 0.65046
26 0.395827 0.610231 0.0687101 0.296087 0.465646
0 0.428079 0.397898 0.0259586 0.120185 0.462245
0 0.928465 0.420924 0.0291149 0.216238 0.444913
0 0.386846 0.376053 0.0215125 0.084265 0.364034
0 0.385325 0.443995 0.0322918 0.102686 0.334541
0 0.103216 0.379903 0.0225226 0.0462804 0.327266
