0 0.308577 0.61489 0.13866 0.755053 0.919637
0 0.0351771 0.701491 0.0698762 0.582662 0.912492
0 0.163307 0.462835 0.0649307 0.264855 0.855556
0 0.44614 0.676071 0.116788 0.638325 0.842958
0 0.966425 0.453604 0.0587704 0.304942 0.830427
0 0.79387 0.422927 0.0396897 0.218592 0.784046
0 0.758356 0.435447 0.0408665 0.211813 0.764426
0 0.501427 0.429006 0.0288433 0.179589 0.724504
0 0.056811 0.461157 0.0432107 0.196862 0.658759
24 0.977951 0.404473 0.0305222 0.104254 0.612171
26 0.391891 0.614192 0.0701263 0.293291 0.592427
0 0.928906 0.420716 0.0277721 0.215386 0.499509
26 0.391998 0.668944 0.0699038 0.187585 0.385995
0 0.385059 0.445882 0.0340656 0.0964454 0.348314
0 0.1032 0.380068 0.022825 0.046516 0.334492
0 0.388732 0.376437 0.0196344 0.0846845 0.327628
26 0.193905 0.51829 0.0346431 0.115226 0.296076
0 0.0304303 0.389994 0.0187382 0.0624468 0.261662
