0 0.305302 0.617227 0.136943 0.749955 0.917611
0 0.0330352 0.699879 0.0655619 0.585634 0.915881
0 0.162956 0.46386 0.0651911 0.26666 0.85213
0 0.963262 0.453517 0.0553234 0.303166 0.834139
0 0.441151 0.674904 0.115719 0.638833 0.83139
0 0.791372 0.424022 0.0410416 0.220133 0.79329
0 0.499299 0.427278 0.0284897 0.181264 0.766922
0 0.755806 0.437252 0.0427862 0.218748 0.74814
26 0.387854 0.61022 0.0702455 0.292215 0.728531
0 0.0560561 0.467757 0.0426919 0.210703 0.710876
26 0.38769 0.664732 0.0687839 0.186542 0.632122
0 0.38506 0.443756 0.0349862 0.088551 0.48781
0 0.926036 0.422101 0.0318302 0.217254 0.409093
0 0.391972 0.378145 0.0202295 0.0861894 0.344909
0 0.103024 0.379573 0.0226924 0.0441558 0.303274
0 0.992287 0.43183 0.0146618 0.201314 0.276771
0 0.417448 0.406283 0.0228651 0.12422 0.275793
26 0.194852 0.516345 0.0348548 0.12048 0.264425
