0 0.303665 0.618516 0.135721 0.748231 0.920542
0 0.0317608 0.698315 0.0630317 0.589112 0.910511
0 0.162776 0.464093 0.0645682 0.265103 0.852428
0 0.963415 0.45442 0.0596878 0.300673 0.836845
0 0.439932 0.673124 0.118684 0.641264 0.819791
0 0.790116 0.423675 0.0403537 0.220211 0.784535
0 0.497746 0.426583 0.0278248 0.18255 0.773744
0 0.752903 0.43727 0.0421835 0.216407 0.752104
0 0.0558864 0.474578 0.0421233 0.223611 0.672643
26 0.385036 0.609447 0.0689011 0.290602 0.642847
0 0.385064 0.446439 0.0359343 0.0939026 0.579528
0 0.925112 0.421991 0.0311047 0.217354 0.374893
0 0.393718 0.379516 0.020509 0.0882974 0.318894
0 0.102808 0.380217 0.0224624 0.0431842 0.299579
0 0.991478 0.433171 0.0163914 0.19943 0.254094
