0 0.301425 0.619259 0.135792 0.748085 0.924191
0 0.0302271 0.699276 0.0599617 0.587966 0.908654
0 0.441524 0.673504 0.125343 0.642827 0.852613
0 0.16298 0.462608 0.0643257 0.26744 0.852426
0 0.961189 0.455186 0.0596903 0.302666 0.816133
0 0.788313 0.42363 0.0424189 0.220046 0.811102
0 0.750489 0.435387 0.0418215 0.210604 0.796849
0 0.496272 0.426472 0.0297121 0.182615 0.75712
0 0.056762 0.47753 0.0412072 0.228946 0.723511
26 0.382664 0.605816 0.0673078 0.295994 0.639034
0 0.383998 0.443372 0.0378607 0.085252 0.592253
24 0.966135 0.40946 0.0330971 0.101208 0.415923
0 0.924487 0.422563 0.0319973 0.217736 0.387656
0 0.395624 0.383281 0.0198305 0.091959 0.33348
0 0.102412 0.380251 0.0219286 0.0422402 0.270387
0 0.991843 0.432873 0.0156372 0.197004 0.257242
0 0.0320449 0.438303 0.0195422 0.152716 0.255919
