0 0.297443 0.621545 0.1383 0.742683 0.927045
0 0.0279352 0.701315 0.0553455 0.582796 0.895442
0 0.443407 0.671744 0.135465 0.640995 0.894815
0 0.163422 0.460198 0.0630106 0.272122 0.867729
0 0.958207 0.456259 0.05847 0.299821 0.829161
0 0.785998 0.423427 0.0413821 0.218144 0.82478
0 0.495789 0.426797 0.0284883 0.181545 0.79283
0 0.0554787 0.477151 0.0451555 0.229484 0.784742
0 0.747541 0.434846 0.0402069 0.205442 0.750918
0 0.382454 0.44868 0.0412821 0.0957447 0.505319
26 0.379114 0.605064 0.0650703 0.289712 0.501706
26 0.378496 0.659942 0.0631865 0.177182 0.442167
0 0.395912 0.381647 0.0207165 0.0918043 0.43044
0 0.463306 0.401208 0.028952 0.127172 0.316384
0 0.102459 0.380325 0.0218863 0.0415146 0.312415
0 0.99193 0.433446 0.0155624 0.18738 0.308463
26 0.198787 0.516937 0.0369568 0.118232 0.305744
