0 0.294147 0.623524 0.13728 0.738153 0.929384
0 0.0265746 0.702343 0.0526615 0.58161 0.902355
0 0.444715 0.67455 0.140101 0.63817 0.876539
0 0.163567 0.461241 0.0627569 0.271102 0.873586
0 0.784906 0.423264 0.0437998 0.219416 0.832698
0 0.744364 0.43501 0.0426998 0.20113 0.789961
0 0.957311 0.454959 0.0594151 0.299962 0.783231
0 0.49484 0.427226 0.0270858 0.180777 0.777964
0 0.0549543 0.47787 0.0461968 0.230633 0.761766
26 0.376935 0.605703 0.0631589 0.287904 0.681469
26 0.374256 0.658829 0.0579705 0.178896 0.442184
26 0.199134 0.517063 0.0379373 0.121234 0.38927
24 0.963768 0.405465 0.031041 0.101878 0.3724
0 0.461593 0.40007 0.0326887 0.131661 0.367059
0 0.991959 0.434427 0.0155577 0.191075 0.306159
0 0.102185 0.380224 0.021474 0.041758 0.261571
0 0.380746 0.45068 0.0414763 0.103684 0.255067
