0 0.289794 0.623235 0.137044 0.739043 0.929574
0 0.443978 0.675326 0.145862 0.636624 0.880972
0 0.163917 0.462402 0.0620991 0.270596 0.869018
0 0.0243785 0.689502 0.0483335 0.606489 0.853974
0 0.782754 0.42319 0.0449409 0.219859 0.835558
0 0.493645 0.427593 0.0268424 0.179583 0.776369
0 0.0553244 0.47802 0.0447155 0.231695 0.772743
0 0.953518 0.45053 0.0600468 0.299113 0.7687
0 0.740164 0.430677 0.038975 0.198953 0.754833
26 0.373448 0.607748 0.0601212 0.2834 0.635418
0 0.461303 0.404929 0.0277393 0.131508 0.557124
26 0.200704 0.518673 0.0394149 0.119994 0.551665
0 0.990686 0.435952 0.0179859 0.191747 0.347504
0 0.377994 0.475845 0.047542 0.150777 0.331255
0 0.0291388 0.445458 0.02571 0.172961 0.300519
26 0.369898 0.65614 0.0539557 0.182714 0.275107
0 0.102099 0.380388 0.0208414 0.0421772 0.262478
24 0.962447 0.40175 0.0312136 0.105511 0.259078
