0 0.287786 0.621133 0.137222 0.742241 0.926463
0 0.443643 0.67511 0.149472 0.636445 0.884527
0 0.163948 0.463527 0.0605997 0.271111 0.864484
0 0.781367 0.423136 0.0458342 0.219817 0.837722
0 0.950445 0.450322 0.0584249 0.303788 0.787449
0 0.0543917 0.477864 0.0451088 0.230095 0.778549
0 0.736295 0.432708 0.0414267 0.200427 0.771773
0 0.492429 0.426808 0.0266911 0.179252 0.765558
26 0.372641 0.611206 0.0611693 0.27846 0.723642
0 0.0233345 0.693325 0.0463314 0.595192 0.617985
0 0.377346 0.475808 0.0520259 0.150942 0.497501
0 0.989186 0.438852 0.0208427 0.193526 0.412654
0 0.00666007 0.448806 0.0133201 0.146311 0.410108
0 0.460355 0.404578 0.0274675 0.132382 0.346868
0 0.0280315 0.444736 0.0257204 0.170982 0.322341
24 0.960172 0.407545 0.031216 0.0947902 0.321291
26 0.203783 0.519313 0.0412724 0.116197 0.298371
26 0.479243 0.440914 0.0191649 0.0682085 0.292692
