0 0.593478 0.613176 0.177783 0.761755 0.897763
0 0.448835 0.518426 0.0814404 0.393117 0.882005
0 0.36913 0.510204 0.0753174 0.418217 0.872184
0 0.702021 0.667919 0.119403 0.653205 0.863484
0 0.919991 0.452729 0.057296 0.252877 0.836321
0 0.809902 0.425967 0.0489586 0.20212 0.835009
0 0.240723 0.467493 0.0421289 0.23021 0.81809
0 0.0737169 0.467657 0.0502087 0.239927 0.792599
0 0.194651 0.470582 0.045711 0.22988 0.751612
0 0.0327343 0.497291 0.0316548 0.178042 0.72827
0 0.948821 0.437642 0.0435236 0.25805 0.721491
26 0.505977 0.900463 0.0762236 0.195868 0.712675
0 0.54802 0.379444 0.0333426 0.0980871 0.656899
0 0.726415 0.403168 0.0460012 0.193491 0.646672
26 0.676881 0.895689 0.0609259 0.207426 0.517719
0 0.0151479 0.750563 0.0300383 0.479861 0.51306
24 0.602553 0.482292 0.12222 0.205576 0.502535
24 0.183895 0.432314 0.0256627 0.0801607 0.424779
0 0.421596 0.511371 0.0328302 0.345864 0.402881
26 0.736297 0.633984 0.0516737 0.311375 0.372412
0 0.0302027 0.380483 0.017643 0.0674228 0.368306
0 0.0147629 0.901813 0.0292728 0.18765 0.329181
26 0.970687 0.474013 0.0242558 0.0907841 0.286193
