0 0.285672 0.619583 0.140417 0.744489 0.923896
0 0.442896 0.675515 0.151068 0.63651 0.888669
0 0.164479 0.46408 0.0598807 0.270917 0.864064
0 0.779857 0.42298 0.0459803 0.221026 0.843206
0 0.735856 0.431895 0.040907 0.206066 0.799063
0 0.950507 0.448947 0.0555492 0.302453 0.773693
0 0.0546095 0.478446 0.0451733 0.230858 0.762725
0 0.492171 0.427303 0.0261568 0.179549 0.750001
26 0.371109 0.612343 0.0604988 0.277477 0.735811
0 0.0222446 0.696954 0.0441873 0.587141 0.605506
0 0.375593 0.477047 0.0550539 0.152613 0.41134
0 0.0073194 0.448877 0.0146388 0.147571 0.382025
0 0.0266309 0.442704 0.0272313 0.174106 0.347213
