0 0.282985 0.619756 0.143365 0.743022 0.922541
0 0.442795 0.677 0.150757 0.630123 0.893076
0 0.164917 0.464902 0.0605681 0.270337 0.861372
0 0.778222 0.422824 0.0461172 0.221689 0.860448
0 0.947968 0.449553 0.0538445 0.30732 0.801128
0 0.732153 0.433352 0.0447878 0.201167 0.796894
0 0.490869 0.427795 0.0260728 0.177948 0.767307
0 0.0551704 0.47894 0.0429293 0.230332 0.748264
0 0.0207261 0.747565 0.0410993 0.489775 0.734819
26 0.369408 0.612036 0.0639258 0.276923 0.734598
0 0.374488 0.478875 0.0564597 0.1554 0.524797
0 0.00875407 0.449335 0.0175081 0.156656 0.472831
26 0.204699 0.52481 0.040292 0.11655 0.34455
0 0.0301439 0.445913 0.0216728 0.16543 0.252344
26 0.366069 0.661522 0.0559313 0.173444 0.251531
