0 0.281041 0.62004 0.143426 0.744554 0.918564
0 0.442021 0.676694 0.14906 0.630652 0.893352
0 0.777739 0.421763 0.0457918 0.222555 0.866028
0 0.165859 0.465607 0.0592163 0.27001 0.862617
0 0.946908 0.4482 0.0517189 0.304361 0.829345
0 0.73134 0.432842 0.045196 0.203052 0.776912
0 0.054354 0.478185 0.0442294 0.228959 0.769604
0 0.489959 0.427411 0.0270556 0.178616 0.720106
0 0.0194872 0.749761 0.0386118 0.485541 0.67232
26 0.368462 0.60985 0.0633117 0.279328 0.667171
0 0.373982 0.476114 0.0546895 0.153454 0.477932
0 0.984606 0.440856 0.0291397 0.180986 0.346888
0 0.0104524 0.443149 0.0205901 0.171513 0.316799
0 0.0284399 0.442064 0.0256884 0.177299 0.287854
0 0.456528 0.399754 0.0247524 0.123629 0.284386
26 0.363114 0.659681 0.0518083 0.174239 0.272891
26 0.203661 0.547235 0.032719 0.0736687 0.266975
0 0.47299 0.409744 0.0195755 0.125587 0.266007
