0 0.276474 0.620171 0.140522 0.742934 0.915192
0 0.439157 0.676849 0.146148 0.627497 0.896038
0 0.167234 0.467419 0.0595253 0.269909 0.87515
0 0.776058 0.422295 0.0465483 0.222065 0.873592
0 0.943569 0.447346 0.0543421 0.303056 0.829256
0 0.0531619 0.479351 0.0474223 0.229716 0.792682
0 0.0176189 0.754626 0.0349445 0.477609 0.76457
0 0.729161 0.433019 0.0386744 0.20141 0.731888
26 0.366864 0.604862 0.0621775 0.280534 0.68909
0 0.488529 0.428649 0.0286678 0.176832 0.67833
0 0.0119057 0.450926 0.0230962 0.161073 0.577627
0 0.373725 0.476717 0.0534042 0.152758 0.473416
0 0.473746 0.411317 0.0218735 0.134643 0.458242
0 0.983305 0.435691 0.032513 0.196428 0.444491
0 0.863769 0.430727 0.0491062 0.189837 0.443224
0 0.449361 0.402745 0.0343567 0.127451 0.361631
