0 0.273733 0.618914 0.144074 0.743507 0.919032
0 0.435004 0.675377 0.141633 0.631414 0.896488
0 0.168855 0.467501 0.0611193 0.271089 0.885145
0 0.774854 0.421716 0.0471821 0.222656 0.873421
0 0.941211 0.446025 0.0568272 0.301317 0.839943
0 0.0530905 0.478499 0.0468213 0.230509 0.81346
0 0.720948 0.430514 0.0503002 0.196196 0.769515
0 0.0169756 0.754693 0.0336525 0.475134 0.760361
0 0.487339 0.427962 0.0280785 0.174964 0.631147
26 0.364513 0.602769 0.060229 0.271179 0.607042
0 0.0126079 0.451947 0.0247115 0.160221 0.542261
0 0.373601 0.476028 0.0506468 0.153697 0.47667
0 0.473056 0.410658 0.0233366 0.132841 0.424578
0 0.448239 0.40262 0.0327538 0.129923 0.405268
0 0.981524 0.43655 0.0338097 0.197174 0.385771
0 0.863843 0.429541 0.0486902 0.188845 0.370327
36 0.719525 0.533174 0.0753481 0.0249955 0.287691
