0 0.271577 0.618967 0.14528 0.743494 0.91999
0 0.774164 0.422002 0.0470903 0.223062 0.885945
0 0.431576 0.675535 0.13565 0.632746 0.879609
0 0.169003 0.466262 0.0598092 0.272286 0.86385
0 0.937636 0.447564 0.0602291 0.301226 0.855525
0 0.0526881 0.477569 0.0453193 0.22996 0.804501
0 0.0158811 0.75585 0.0315353 0.472604 0.778316
0 0.720536 0.431094 0.0472816 0.198375 0.760186
26 0.363113 0.598112 0.0596992 0.272821 0.707722
0 0.486101 0.428624 0.0310174 0.172436 0.629426
0 0.863923 0.431581 0.0495506 0.190892 0.512711
0 0.448478 0.40081 0.031238 0.129995 0.492054
36 0.71989 0.534222 0.0744846 0.0236796 0.457927
0 0.372792 0.476081 0.0497854 0.153606 0.427433
0 0.0152909 0.444309 0.0283872 0.175803 0.42144
26 0.205243 0.555911 0.0346195 0.0656543 0.379377
26 0.205464 0.541738 0.0372184 0.0941591 0.376822
0 0.980676 0.437856 0.0370626 0.197587 0.357627
0 0.472597 0.410577 0.0238112 0.129642 0.262699
