0 0.268416 0.619845 0.14635 0.742051 0.916789
0 0.773446 0.422797 0.046895 0.22396 0.889583
0 0.171229 0.466258 0.06184 0.274741 0.858518
0 0.422782 0.667236 0.126952 0.620556 0.857371
0 0.932377 0.449219 0.0630613 0.295968 0.849246
0 0.722669 0.432013 0.0381012 0.200637 0.812844
0 0.050467 0.477522 0.0489922 0.230776 0.776858
0 0.0143683 0.759284 0.0285029 0.469013 0.734927
26 0.360935 0.594785 0.0617912 0.273705 0.720601
0 0.86436 0.429094 0.0477158 0.192733 0.706735
0 0.48317 0.428647 0.0342532 0.174397 0.64794
26 0.205645 0.554607 0.0356795 0.0683507 0.507696
24 0.948155 0.408426 0.0304802 0.0912048 0.488189
36 0.719678 0.534673 0.0746506 0.0234333 0.474918
0 0.448153 0.402899 0.0293322 0.131869 0.440222
0 0.979362 0.436566 0.0388386 0.198553 0.349258
0 0.372821 0.475343 0.0442994 0.149689 0.344616
0 0.0142641 0.663405 0.0282183 0.27551 0.311053
0 0.144319 0.370093 0.0176836 0.0566226 0.280395
0 0.101458 0.380464 0.0212545 0.0444622 0.277106
