0 0.266987 0.619985 0.147356 0.742114 0.916608
0 0.772539 0.423493 0.0473244 0.224576 0.889444
0 0.171429 0.466119 0.0614865 0.276155 0.880272
0 0.931589 0.449527 0.0629353 0.296228 0.860715
0 0.418043 0.666411 0.11626 0.621306 0.846885
0 0.72114 0.43221 0.0372831 0.195301 0.817568
0 0.0498853 0.477982 0.0465985 0.229867 0.763578
0 0.482839 0.426335 0.035026 0.178362 0.719695
0 0.0131505 0.760572 0.0260629 0.465112 0.718668
0 0.863517 0.428858 0.0469175 0.192714 0.696511
26 0.359537 0.594127 0.0624337 0.273279 0.645435
0 0.447405 0.405555 0.0300756 0.137064 0.628496
26 0.20567 0.546822 0.0366399 0.0822439 0.522743
0 0.145187 0.369354 0.0185958 0.0552477 0.469301
24 0.946766 0.409337 0.0311172 0.092386 0.455326
36 0.719419 0.534564 0.0754178 0.0235192 0.434633
0 0.0732937 0.4439 0.0270235 0.155189 0.383564
0 0.0130408 0.665873 0.0257195 0.268479 0.375689
0 0.371771 0.475607 0.0416457 0.149164 0.361871
0 0.978998 0.436343 0.0404118 0.199789 0.333498
0 0.0244696 0.440112 0.0255332 0.167157 0.325609
0 0.100891 0.380599 0.022026 0.0445279 0.322733
0 0.0104959 0.457131 0.0209918 0.154405 0.276885
0 0.886795 0.442373 0.0248035 0.162477 0.256973
