0 0.263905 0.621286 0.145992 0.738133 0.913266
0 0.771787 0.423772 0.0462303 0.22411 0.886465
0 0.171222 0.466033 0.0594344 0.277491 0.884334
0 0.930285 0.45343 0.0615593 0.290427 0.866042
0 0.410719 0.662895 0.112481 0.619993 0.844733
0 0.719644 0.431596 0.0378042 0.195252 0.815912
0 0.482803 0.42748 0.0320751 0.176263 0.762967
0 0.0494897 0.477021 0.0453794 0.228859 0.75771
26 0.357756 0.590583 0.0640882 0.280373 0.664437
0 0.0117579 0.66434 0.0231715 0.260436 0.608437
0 0.445681 0.405338 0.0326807 0.139223 0.567772
26 0.203946 0.547945 0.0361587 0.0711782 0.469219
0 0.0727281 0.44387 0.0278364 0.153472 0.392725
0 0.011636 0.760331 0.023097 0.463593 0.389737
0 0.864463 0.429205 0.0490833 0.192322 0.380026
0 0.146128 0.370732 0.0170069 0.0577109 0.342409
0 0.976193 0.434157 0.0446199 0.195973 0.303728
0 0.101146 0.381146 0.0216466 0.0487367 0.302477
0 0.0259636 0.440393 0.0254078 0.168329 0.283392
0 0.885618 0.433031 0.0274025 0.184809 0.273735
36 0.719431 0.533605 0.075491 0.0253869 0.272446
0 0.0105343 0.449782 0.0210686 0.169234 0.252864
