0 0.261781 0.622777 0.145942 0.736095 0.913289
0 0.771366 0.424293 0.0449298 0.224072 0.878433
0 0.171291 0.464912 0.0583898 0.279412 0.876796
0 0.40743 0.661539 0.108001 0.618896 0.862823
0 0.929639 0.450172 0.0603867 0.294537 0.86277
0 0.718821 0.430723 0.0376677 0.194485 0.800344
0 0.483654 0.427156 0.0294445 0.178446 0.764125
0 0.0491493 0.476271 0.0459595 0.228185 0.755239
26 0.356003 0.59028 0.0625338 0.279986 0.630933
0 0.0108094 0.659705 0.0213292 0.266114 0.60262
26 0.204387 0.542279 0.0405265 0.0811674 0.464681
0 0.450607 0.438515 0.0442963 0.211129 0.433909
0 0.073187 0.443543 0.0266235 0.155973 0.395459
0 0.0233342 0.440547 0.0272068 0.179381 0.313362
0 0.445384 0.402627 0.0333713 0.137857 0.29258
0 0.973852 0.432539 0.0432425 0.19821 0.264478
36 0.719699 0.532955 0.0754827 0.0255075 0.261649
0 0.146745 0.37015 0.015605 0.05905 0.259079
