0 0.601647 0.607376 0.175714 0.766589 0.897354
0 0.44896 0.517844 0.0806657 0.393669 0.885375
0 0.37011 0.509275 0.0775684 0.418487 0.879492
0 0.699783 0.665142 0.11445 0.659249 0.842034
0 0.809357 0.426279 0.0497213 0.202783 0.836498
0 0.921173 0.453041 0.055542 0.252389 0.821989
0 0.24115 0.468857 0.041741 0.228624 0.810903
0 0.0736484 0.467515 0.0499105 0.24051 0.786798
0 0.95047 0.43561 0.044566 0.260862 0.783035
0 0.726506 0.415304 0.0503756 0.221776 0.76144
0 0.194832 0.471144 0.0459439 0.230537 0.729465
0 0.0321187 0.497326 0.0300175 0.179953 0.720585
26 0.513832 0.89903 0.0786837 0.197461 0.710362
0 0.548188 0.382801 0.033786 0.104064 0.675677
24 0.610946 0.492564 0.119732 0.224639 0.548084
24 0.184139 0.431508 0.0260016 0.0818672 0.442452
0 0.0110684 0.761399 0.0218091 0.467203 0.437547
26 0.971966 0.475616 0.0241982 0.0914362 0.355086
0 0.0295209 0.381934 0.0182394 0.0695942 0.343388
0 0.419114 0.518714 0.0375216 0.346776 0.296262
