0 0.260264 0.624085 0.14565 0.731884 0.91007
0 0.171593 0.46523 0.0578609 0.280075 0.882781
0 0.770991 0.425553 0.0449127 0.223447 0.865627
0 0.405286 0.661822 0.10633 0.618836 0.861864
0 0.929256 0.450344 0.0579138 0.297606 0.858689
0 0.716495 0.429625 0.0360468 0.19989 0.780669
0 0.482612 0.429134 0.0292635 0.176423 0.77771
0 0.048344 0.478045 0.0454441 0.226026 0.756822
26 0.353935 0.591996 0.0635879 0.280928 0.649112
0 0.0101041 0.658631 0.0199603 0.262223 0.559402
0 0.0726606 0.443062 0.0277006 0.157182 0.418498
24 0.936646 0.400692 0.0285049 0.108292 0.409446
0 0.451271 0.438734 0.0414275 0.213029 0.394717
26 0.203953 0.537267 0.0400957 0.0899872 0.368168
36 0.719688 0.533895 0.0754466 0.0257594 0.318321
0 0.44572 0.403551 0.0341685 0.137503 0.288225
0 0.974605 0.435414 0.0439388 0.199976 0.282464
0 0.0232854 0.441139 0.0270565 0.181073 0.277669
0 0.869763 0.427205 0.0388836 0.193264 0.27224
0 0.966613 0.434562 0.0310116 0.197345 0.268164
