0 0.258714 0.625104 0.145828 0.732415 0.918578
0 0.770558 0.424459 0.0449703 0.223901 0.872204
0 0.172573 0.463668 0.0581349 0.282029 0.860219
0 0.401912 0.662702 0.107386 0.618764 0.850585
0 0.92736 0.455873 0.0562347 0.28578 0.840367
0 0.713513 0.428038 0.035406 0.197479 0.812168
0 0.481159 0.428157 0.0294498 0.176586 0.775806
0 0.0479081 0.475764 0.0465932 0.226357 0.745569
26 0.351425 0.591557 0.0644131 0.276014 0.706442
0 0.00862766 0.661589 0.0170556 0.256745 0.504881
0 0.0743383 0.447275 0.0285363 0.16402 0.485003
0 0.446276 0.400295 0.0333487 0.128607 0.432349
0 0.450751 0.439022 0.0424072 0.210687 0.320864
24 0.933677 0.4003 0.027673 0.105551 0.294712
0 0.0106018 0.448263 0.0210933 0.157912 0.284825
0 0.965487 0.435599 0.0320328 0.194436 0.284727
0 0.147873 0.37149 0.0158701 0.0599648 0.28124
26 0.204451 0.524797 0.0416435 0.112349 0.268361
0 0.9743 0.436328 0.0474815 0.195671 0.257215
0 0.316 0.377079 0.0209837 0.0699007 0.255005
