0 0.258179 0.626934 0.146123 0.729919 0.911261
0 0.770308 0.424542 0.0448517 0.223405 0.868915
0 0.173336 0.464744 0.0602377 0.280601 0.863363
0 0.924288 0.455062 0.0538956 0.282468 0.859867
0 0.395127 0.664528 0.111752 0.614901 0.859394
0 0.711484 0.430057 0.0365748 0.199139 0.822166
0 0.0470701 0.475977 0.0474501 0.227308 0.770608
0 0.480103 0.428484 0.028902 0.177462 0.762179
26 0.34905 0.594347 0.0650327 0.2737 0.685661
0 0.0747792 0.447221 0.0277574 0.167632 0.599591
0 0.00776049 0.666264 0.0152999 0.239935 0.491167
0 0.445799 0.402281 0.0349215 0.129758 0.393821
0 0.316665 0.378538 0.0205632 0.0724027 0.361523
0 0.966405 0.436893 0.0317478 0.192502 0.337906
0 0.0104283 0.448448 0.0206286 0.158581 0.301752
0 0.973895 0.438494 0.0446863 0.195573 0.286815
36 0.719453 0.534609 0.0756361 0.0255491 0.26932
26 0.204056 0.527953 0.0413296 0.105641 0.25848
