0 0.257903 0.627361 0.146749 0.724977 0.909957
0 0.769557 0.42457 0.0458752 0.223557 0.872637
0 0.389152 0.667572 0.110448 0.609778 0.867013
0 0.173047 0.465363 0.0583296 0.281371 0.859405
0 0.918822 0.452818 0.0488987 0.281786 0.804366
0 0.707993 0.430818 0.0369614 0.198039 0.793103
0 0.0472442 0.474359 0.0490063 0.229585 0.788348
0 0.479505 0.429735 0.0286608 0.174605 0.711308
26 0.346727 0.646807 0.0618673 0.171487 0.545345
0 0.0765666 0.448628 0.0261621 0.165182 0.541865
0 0.447737 0.442868 0.0463472 0.21838 0.524178
0 0.00726784 0.666686 0.0142987 0.232547 0.467351
26 0.34598 0.594411 0.0644172 0.274518 0.406644
0 0.317258 0.377166 0.0192832 0.0692173 0.389209
0 0.0100256 0.447783 0.0198826 0.160344 0.35342
36 0.719624 0.534917 0.0732965 0.0314043 0.312883
0 0.419708 0.380556 0.0165506 0.051268 0.310531
0 0.967655 0.436168 0.034153 0.19314 0.269478
0 0.88411 0.428079 0.0252983 0.193099 0.265225
