0 0.257918 0.62731 0.147417 0.726208 0.911683
0 0.173305 0.46649 0.0587898 0.28316 0.862362
0 0.769256 0.424331 0.045716 0.223217 0.860443
0 0.387894 0.667809 0.108034 0.606576 0.844641
0 0.915034 0.452843 0.0483364 0.281063 0.786287
0 0.0477372 0.475232 0.0497696 0.228931 0.763347
0 0.70798 0.431862 0.0360382 0.194092 0.75428
0 0.479905 0.430594 0.029925 0.173228 0.711559
0 0.446325 0.442223 0.0484217 0.208823 0.576538
0 0.0767133 0.447345 0.0279197 0.165831 0.518888
0 0.00710233 0.666849 0.0139698 0.23402 0.473402
26 0.342892 0.648974 0.0619809 0.17134 0.400409
0 0.886146 0.42807 0.0256449 0.194299 0.398369
0 0.965515 0.438366 0.037657 0.194671 0.382703
0 0.318258 0.379306 0.0194254 0.0726944 0.375012
0 0.0103195 0.447222 0.0203759 0.163897 0.350691
26 0.34351 0.596453 0.0632829 0.276961 0.318113
