0 0.258326 0.626058 0.146336 0.728014 0.909473
0 0.768514 0.424377 0.0462822 0.223912 0.869184
0 0.17368 0.466773 0.0581623 0.280575 0.864052
0 0.385128 0.667884 0.105532 0.605319 0.83148
0 0.704369 0.43374 0.0410311 0.195618 0.789329
0 0.0454784 0.475596 0.0460342 0.229704 0.778637
0 0.912867 0.450773 0.0488979 0.284344 0.774707
0 0.479332 0.430212 0.0296802 0.173436 0.664472
0 0.0767347 0.448152 0.0303773 0.167657 0.516309
0 0.0107049 0.446967 0.0212558 0.162601 0.503275
0 0.886874 0.426029 0.0267063 0.197343 0.494147
0 0.445462 0.443737 0.0509092 0.213043 0.469901
26 0.341004 0.651442 0.0630312 0.174668 0.453498
0 0.965716 0.439318 0.0359573 0.193554 0.431513
0 0.00651533 0.668636 0.0127843 0.230105 0.399054
26 0.341173 0.601195 0.0636981 0.276891 0.344189
0 0.319455 0.376918 0.0197691 0.0713907 0.327728
0 0.41717 0.38932 0.0197009 0.071323 0.292362
0 0.45642 0.443586 0.0309557 0.205867 0.282204
26 0.202584 0.522133 0.0389455 0.121998 0.276621
36 0.71902 0.535212 0.0737721 0.0268609 0.262396
