0 0.258535 0.624557 0.144798 0.726564 0.896204
0 0.173259 0.468093 0.0580881 0.278822 0.870326
0 0.768183 0.424208 0.0455023 0.223978 0.868943
0 0.382208 0.665087 0.104623 0.599303 0.795406
0 0.0450965 0.473643 0.0458131 0.23086 0.790803
0 0.702913 0.431723 0.0427868 0.194585 0.787484
0 0.907716 0.44479 0.0552462 0.297464 0.77158
0 0.476732 0.429387 0.0262138 0.173111 0.64082
26 0.338109 0.597873 0.0654548 0.278334 0.628894
0 0.0778161 0.448232 0.028387 0.16537 0.484161
0 0.320615 0.377636 0.020326 0.0739154 0.448807
0 0.416398 0.40377 0.0209812 0.103953 0.438487
0 0.0063063 0.669199 0.0123681 0.228335 0.434933
0 0.0108312 0.444995 0.0215244 0.164647 0.429574
0 0.455118 0.442524 0.0309361 0.201604 0.402051
0 0.990907 0.440596 0.0174995 0.177421 0.391596
0 0.942871 0.420239 0.0302851 0.221969 0.385197
0 0.0820876 0.446894 0.0216263 0.161935 0.34033
26 0.202884 0.51803 0.0390798 0.130792 0.298268
0 0.436686 0.402219 0.0336182 0.128016 0.296309
0 0.965866 0.436311 0.0344563 0.200429 0.283045
0 0.494264 0.417826 0.0171081 0.151965 0.271679
24 0.917878 0.393944 0.0290039 0.0998361 0.266748
