0 0.257792 0.623329 0.146622 0.724128 0.904863
0 0.172836 0.471119 0.0562951 0.277452 0.86793
0 0.767894 0.424665 0.0455158 0.224321 0.864923
0 0.380421 0.663482 0.105466 0.601444 0.821202
0 0.905585 0.44448 0.0551556 0.297089 0.820817
0 0.045209 0.474402 0.0470313 0.232124 0.811825
0 0.701351 0.432347 0.0397114 0.195076 0.771487
0 0.477065 0.428958 0.0247561 0.176031 0.636365
26 0.336778 0.600348 0.065073 0.27468 0.576184
0 0.416576 0.407796 0.0203259 0.109177 0.502776
0 0.45256 0.442768 0.0350248 0.203104 0.465043
0 0.00610786 0.66925 0.0119737 0.227352 0.460156
0 0.0114427 0.447522 0.0226436 0.165298 0.44695
0 0.989617 0.469979 0.020088 0.21278 0.425126
0 0.494104 0.420702 0.0190845 0.151967 0.378881
0 0.941832 0.4236 0.0356062 0.218406 0.345249
0 0.32107 0.377397 0.020459 0.0718669 0.340673
0 0.0750153 0.449927 0.0315254 0.163272 0.329785
36 0.718808 0.537336 0.0733881 0.0273865 0.303756
26 0.20378 0.513717 0.0400221 0.143165 0.276019
