0 0.257984 0.61703 0.145659 0.715206 0.899229
0 0.766544 0.423855 0.0470054 0.225618 0.860268
0 0.902583 0.449397 0.0549187 0.287257 0.853437
0 0.172248 0.471424 0.0553942 0.27584 0.842666
0 0.378314 0.659107 0.107398 0.596121 0.840841
0 0.0459209 0.474762 0.0452907 0.230928 0.770188
0 0.701077 0.433072 0.0382601 0.194439 0.743576
0 0.0113 0.445481 0.0224684 0.163579 0.57376
0 0.476062 0.426516 0.0235617 0.175915 0.567133
0 0.495246 0.418021 0.0209772 0.146456 0.543207
26 0.334592 0.597994 0.06362 0.276942 0.48143
24 0.91397 0.400424 0.0298878 0.10345 0.478635
0 0.947061 0.426789 0.045348 0.211343 0.440771
0 0.00595624 0.665858 0.0116925 0.226774 0.43514
0 0.4153 0.414264 0.0207689 0.119999 0.422541
0 0.98632 0.46518 0.0264366 0.224524 0.420319
0 0.454767 0.441689 0.0359294 0.203722 0.393466
0 0.453789 0.407291 0.0330962 0.136366 0.3654
0 0.988875 0.438109 0.021476 0.167897 0.298054
26 0.203935 0.523746 0.0397799 0.129734 0.287937
0 0.322406 0.377874 0.0205884 0.0711725 0.261214
0 0.447221 0.456674 0.051462 0.181561 0.260074
0 0.431987 0.400613 0.0254639 0.124297 0.251201
