0 0.258668 0.61328 0.144779 0.707064 0.897922
0 0.766129 0.425073 0.04697 0.227811 0.86562
0 0.90082 0.451043 0.054154 0.285381 0.858767
0 0.373859 0.654127 0.103824 0.590108 0.809441
0 0.171771 0.47301 0.0546224 0.276261 0.806315
0 0.0449484 0.477232 0.04445 0.225957 0.787715
0 0.700232 0.432093 0.0370324 0.192547 0.673877
24 0.911578 0.406137 0.0300758 0.0960947 0.617479
26 0.332594 0.59282 0.0622922 0.272414 0.559587
0 0.0114088 0.446166 0.0227443 0.16626 0.551252
0 0.946598 0.423613 0.0444931 0.223389 0.525164
0 0.495105 0.41874 0.0226925 0.14477 0.516802
0 0.476232 0.426697 0.0228388 0.173671 0.478602
0 0.00567077 0.654275 0.0112123 0.202204 0.457124
0 0.456221 0.413722 0.0301765 0.148201 0.417392
26 0.204796 0.520767 0.0422249 0.136685 0.406917
0 0.987886 0.42403 0.0236307 0.194516 0.367314
0 0.414722 0.41707 0.0206316 0.126997 0.349461
0 0.443784 0.474891 0.0500753 0.147237 0.342581
