0 0.449556 0.516881 0.0799789 0.394037 0.903135
0 0.619755 0.604278 0.187376 0.774394 0.896283
0 0.370506 0.509685 0.0804304 0.420759 0.887529
0 0.807775 0.425495 0.0519522 0.205395 0.856812
0 0.924522 0.453042 0.0558918 0.254474 0.848423
0 0.953559 0.438478 0.0422852 0.266239 0.835126
0 0.241825 0.468945 0.0430546 0.229473 0.810953
0 0.0736806 0.467739 0.049772 0.240564 0.794041
0 0.731824 0.421153 0.0485573 0.233336 0.78349
0 0.195134 0.472552 0.0458012 0.229672 0.765419
26 0.526535 0.899723 0.0839805 0.19885 0.697799
0 0.0311395 0.49694 0.0270821 0.181708 0.690396
24 0.626092 0.486911 0.115949 0.219456 0.62517
26 0.690852 0.896712 0.0531696 0.20265 0.579056
24 0.184619 0.433336 0.0258919 0.0800389 0.532499
0 0.548862 0.39082 0.03363 0.118816 0.474764
0 0.0293998 0.383067 0.0176436 0.0723021 0.347355
58 0.274694 0.389 0.0557198 0.100474 0.299394
26 0.404742 0.508334 0.0220167 0.0738648 0.294371
