0 0.257 0.610599 0.14572 0.703611 0.904208
0 0.765145 0.423491 0.0469903 0.228121 0.866875
0 0.898489 0.450488 0.0534462 0.284579 0.838926
0 0.172152 0.471663 0.0553832 0.277895 0.825933
0 0.368251 0.652677 0.105585 0.590162 0.813169
0 0.043903 0.473697 0.0400934 0.233048 0.777531
0 0.0120096 0.444523 0.0239644 0.167253 0.563764
0 0.475557 0.424143 0.0235975 0.174387 0.527596
26 0.330273 0.587886 0.056029 0.263636 0.507561
0 0.700747 0.427622 0.0355429 0.188664 0.502315
0 0.986287 0.451711 0.0264866 0.253246 0.492437
24 0.909565 0.409511 0.0309618 0.0942642 0.484528
0 0.495031 0.417002 0.0212732 0.141205 0.475462
0 0.456985 0.416654 0.029203 0.156382 0.466617
0 0.00522042 0.648612 0.0103049 0.187955 0.409214
0 0.414538 0.417029 0.0193422 0.126392 0.406143
0 0.444068 0.472866 0.0521688 0.148684 0.405503
0 0.940207 0.425448 0.033086 0.216864 0.405184
26 0.206526 0.524534 0.0398322 0.127848 0.369399
0 0.432971 0.394184 0.0254731 0.114268 0.313843
