0 0.255508 0.611241 0.143374 0.702425 0.896697
0 0.764244 0.42542 0.0477442 0.225918 0.884805
0 0.895811 0.452397 0.054871 0.280796 0.857253
0 0.172819 0.471331 0.0561361 0.282059 0.825887
0 0.364718 0.653307 0.10276 0.590659 0.800333
0 0.0444908 0.4727 0.0420229 0.231148 0.794031
0 0.985063 0.451988 0.0289986 0.255879 0.750006
26 0.325402 0.586164 0.0485106 0.269769 0.597909
0 0.01254 0.446754 0.0249714 0.166363 0.591865
24 0.907307 0.407378 0.0297081 0.100516 0.47854
0 0.444696 0.470779 0.0521925 0.15734 0.475859
0 0.460718 0.427451 0.0370592 0.179287 0.449622
0 0.414515 0.417697 0.0189118 0.127774 0.44726
0 0.494986 0.418557 0.0204582 0.138829 0.437094
0 0.0778437 0.44922 0.0330767 0.174048 0.374626
0 0.697659 0.424419 0.0320318 0.184516 0.363683
26 0.208281 0.519883 0.0356596 0.136051 0.360492
0 0.00458752 0.655137 0.00909255 0.172986 0.339274
0 0.477565 0.421825 0.0241279 0.166543 0.332113
13 0.428019 0.51522 0.0434294 0.0711707 0.299221
0 0.432769 0.383598 0.0237846 0.0923918 0.265811
