0 0.254553 0.609825 0.141173 0.70163 0.893751
0 0.763724 0.423891 0.0473426 0.227453 0.889064
0 0.893997 0.453048 0.0554953 0.281334 0.872105
0 0.172987 0.469976 0.0556745 0.283813 0.835747
0 0.363359 0.651155 0.103284 0.591396 0.823268
0 0.0439504 0.471514 0.0446165 0.22885 0.807203
0 0.98348 0.448738 0.032309 0.25938 0.751642
0 0.461322 0.427329 0.0372999 0.178092 0.579155
26 0.325171 0.581719 0.0483088 0.269644 0.537231
0 0.0124967 0.447231 0.0248186 0.16387 0.521696
0 0.493986 0.419637 0.0231529 0.14054 0.482259
0 0.444417 0.470195 0.0523359 0.158702 0.436084
0 0.0810945 0.448254 0.0289326 0.168995 0.402486
0 0.413852 0.416959 0.0181762 0.126747 0.384495
24 0.903517 0.404929 0.0303999 0.0999656 0.327335
26 0.207935 0.51957 0.0331758 0.138312 0.301481
0 0.432162 0.388568 0.0250484 0.106354 0.267768
