0 0.762303 0.424931 0.0481152 0.228786 0.895832
0 0.253056 0.608753 0.140425 0.699498 0.88424
0 0.367637 0.651194 0.107864 0.588767 0.86506
0 0.173379 0.468943 0.0549356 0.286221 0.841426
0 0.891263 0.453688 0.0540064 0.279527 0.836551
0 0.0437586 0.472324 0.0449921 0.22719 0.806697
0 0.980166 0.449252 0.0386732 0.262792 0.755692
0 0.0131368 0.447712 0.0261375 0.16681 0.645143
0 0.46114 0.428703 0.0378508 0.181533 0.595895
24 0.901797 0.408364 0.0302868 0.0966232 0.530135
26 0.319985 0.578131 0.0429948 0.27043 0.476944
0 0.494973 0.417859 0.0220737 0.145424 0.446056
0 0.430209 0.404437 0.0222918 0.137157 0.375892
0 0.980133 0.525843 0.0390621 0.416166 0.364739
0 0.413428 0.419035 0.0185997 0.12709 0.337754
0 0.0851474 0.450105 0.0236372 0.160652 0.319079
0 0.44534 0.473608 0.0508083 0.14916 0.310131
0 0.0690981 0.450198 0.0239196 0.166879 0.294401
