0 0.760837 0.424919 0.0485139 0.2273 0.892867
0 0.368052 0.651587 0.114943 0.588025 0.888778
0 0.250583 0.609536 0.141426 0.699237 0.879028
0 0.173092 0.468029 0.054915 0.287392 0.858526
0 0.891217 0.452413 0.0571239 0.279662 0.832836
0 0.978838 0.448556 0.0412888 0.26345 0.81278
0 0.0427477 0.47233 0.0433289 0.226881 0.801114
0 0.462005 0.42753 0.0367968 0.176633 0.55956
26 0.31932 0.578947 0.0424634 0.266714 0.516019
0 0.0132153 0.448892 0.0261721 0.164097 0.50446
0 0.0696236 0.454885 0.0226965 0.158297 0.446174
0 0.430855 0.401452 0.0237421 0.131813 0.415638
0 0.445719 0.471247 0.0500329 0.155871 0.371803
0 0.495207 0.415676 0.0220801 0.148249 0.361407
0 0.0869027 0.452983 0.0242056 0.159006 0.3522
0 0.413204 0.419918 0.0188593 0.127557 0.295499
0 0.469439 0.428026 0.0236348 0.175856 0.279249
24 0.90021 0.404098 0.0307129 0.0989889 0.271867
