0 0.368937 0.651114 0.118548 0.586392 0.890087
0 0.759314 0.425103 0.0494905 0.227253 0.883903
0 0.247872 0.609554 0.145435 0.696663 0.875246
0 0.173764 0.4675 0.0562832 0.287653 0.851485
0 0.886126 0.449553 0.0495396 0.2817 0.831021
0 0.976743 0.448518 0.0456058 0.264069 0.804272
0 0.0430279 0.471518 0.0444646 0.227913 0.801587
0 0.462552 0.425709 0.0371819 0.178858 0.695706
0 0.013365 0.447721 0.026451 0.164054 0.480509
24 0.896584 0.405097 0.028854 0.100007 0.476901
26 0.319448 0.580651 0.044552 0.260022 0.429644
0 0.44595 0.470183 0.0523041 0.156624 0.427922
0 0.0720249 0.450932 0.026185 0.166807 0.341409
0 0.42979 0.395251 0.0217535 0.119828 0.29315
0 0.413497 0.420041 0.0190924 0.129921 0.286601
0 0.945546 0.437699 0.0347048 0.191365 0.283484
0 0.927934 0.437023 0.0247421 0.181835 0.271933
0 0.496506 0.416533 0.0195681 0.147764 0.261985
