0 0.369224 0.654193 0.126004 0.585745 0.901622
0 0.757597 0.427187 0.0493617 0.225556 0.869859
0 0.175313 0.468851 0.0565404 0.288816 0.847136
0 0.88433 0.447787 0.0488657 0.278448 0.828428
0 0.0428765 0.472246 0.0453782 0.228592 0.818068
0 0.255919 0.612743 0.12479 0.693207 0.814703
0 0.973512 0.449694 0.0521582 0.262732 0.810565
0 0.463568 0.425862 0.0369476 0.177561 0.724339
26 0.317047 0.585275 0.0438553 0.255719 0.564751
0 0.0137751 0.448259 0.0271929 0.166041 0.532923
0 0.0724902 0.453637 0.0240063 0.164719 0.510444
0 0.446553 0.474355 0.0465329 0.147915 0.4043
0 0.943379 0.437712 0.0384623 0.196423 0.34184
0 0.0929735 0.454877 0.0320901 0.156913 0.337783
0 0.432702 0.383513 0.0270417 0.0935582 0.317977
0 0.41362 0.419572 0.0173825 0.129107 0.307285
