0 0.369061 0.65469 0.128924 0.583379 0.902907
0 0.238321 0.610375 0.156683 0.691574 0.877927
0 0.757604 0.426422 0.0469017 0.224937 0.871219
0 0.17528 0.468547 0.0566691 0.286635 0.835255
0 0.883142 0.445644 0.0487312 0.284033 0.834234
0 0.972559 0.448726 0.0537102 0.263836 0.818778
0 0.0422406 0.470929 0.0441873 0.228219 0.811473
0 0.464453 0.424759 0.0373177 0.176324 0.723492
0 0.0157776 0.439666 0.0311891 0.176656 0.499941
0 0.444927 0.469447 0.0513689 0.155787 0.483031
26 0.316988 0.585656 0.0453502 0.257071 0.47854
0 0.0746836 0.453544 0.0255791 0.162284 0.439087
0 0.432491 0.388492 0.0287622 0.103513 0.356239
13 0.426037 0.514593 0.0480285 0.0700607 0.316959
