0 0.368878 0.655416 0.131212 0.578478 0.900017
0 0.236413 0.611481 0.155656 0.688895 0.894491
0 0.755847 0.428308 0.0473888 0.227217 0.868875
0 0.175985 0.47085 0.0562668 0.288756 0.843282
0 0.883017 0.446631 0.0501421 0.285119 0.811809
0 0.042459 0.471303 0.0441302 0.229558 0.811374
0 0.969956 0.45169 0.0591944 0.261112 0.744748
0 0.465089 0.436699 0.0370968 0.196762 0.726367
0 0.0157172 0.438876 0.0312317 0.177334 0.682823
26 0.314595 0.588187 0.045673 0.259359 0.449283
0 0.430927 0.407675 0.0294024 0.135157 0.442501
0 0.0790976 0.453557 0.0238966 0.160338 0.416311
0 0.097433 0.447314 0.0247905 0.166855 0.344314
0 0.444917 0.474785 0.045824 0.148386 0.323843
24 0.889838 0.396204 0.0319687 0.0994054 0.278948
0 0.936051 0.436694 0.031179 0.192521 0.266289
0 0.385295 0.455988 0.0343677 0.109055 0.263364
0 0.412623 0.416785 0.0165957 0.13322 0.256524
