0 0.368007 0.654221 0.132615 0.576258 0.893997
0 0.755389 0.427288 0.0469707 0.225357 0.862067
0 0.240252 0.610296 0.145287 0.690226 0.857093
0 0.176798 0.470809 0.0583117 0.288025 0.835323
0 0.967304 0.451506 0.0644951 0.257645 0.81855
0 0.0419543 0.46947 0.0422038 0.230596 0.803925
0 0.465692 0.438387 0.0363602 0.199591 0.739688
0 0.878057 0.44625 0.0478352 0.283675 0.662308
0 0.015636 0.438642 0.030996 0.177517 0.654315
24 0.885753 0.392865 0.0318829 0.0991993 0.47317
0 0.430236 0.407774 0.0280147 0.135149 0.428948
26 0.314279 0.585691 0.0475739 0.259631 0.412107
0 0.0816946 0.452875 0.0217747 0.157243 0.392083
0 0.0982777 0.444762 0.0230238 0.168176 0.391261
0 0.445043 0.47465 0.0460203 0.145808 0.345946
0 0.871266 0.443158 0.0329506 0.267594 0.334353
0 0.385215 0.46081 0.0356174 0.120321 0.280359
0 0.412998 0.414977 0.0163917 0.135965 0.26924
