0 0.627491 0.603554 0.189613 0.774221 0.904318
0 0.449468 0.516948 0.0796772 0.397998 0.894362
0 0.37022 0.510612 0.0811763 0.421663 0.893653
0 0.807073 0.425651 0.0505333 0.203984 0.844165
0 0.926762 0.452679 0.0534735 0.254352 0.822868
0 0.243373 0.468786 0.0426353 0.230821 0.801226
0 0.956136 0.438178 0.0428616 0.266933 0.799828
0 0.194731 0.473041 0.0457577 0.228874 0.794899
0 0.0736931 0.467779 0.0494134 0.240964 0.793041
0 0.732565 0.422673 0.0481388 0.233868 0.785329
26 0.530766 0.898387 0.0769145 0.199888 0.773241
26 0.696397 0.897604 0.0574682 0.202539 0.662606
0 0.548269 0.4095 0.0342607 0.155119 0.657747
0 0.0304861 0.49586 0.0262767 0.18301 0.596207
0 0.00527444 0.428043 0.0105489 0.143488 0.479146
24 0.184857 0.43349 0.0264523 0.0801649 0.453088
26 0.406086 0.508588 0.0245149 0.0837222 0.419945
24 0.634133 0.481788 0.113146 0.218504 0.358131
0 0.0292469 0.387177 0.0175892 0.0802355 0.33263
58 0.274894 0.388748 0.0556975 0.0998368 0.326457
0 0.0464947 0.447627 0.0279008 0.192913 0.250399
