0 0.240917 0.61124 0.142165 0.686566 0.899387
0 0.365854 0.654284 0.133507 0.578727 0.893366
0 0.754035 0.426953 0.0462267 0.225045 0.853163
0 0.177812 0.471714 0.05914 0.287617 0.815522
0 0.0421857 0.471614 0.0437491 0.224911 0.807788
0 0.965792 0.456463 0.0677017 0.247968 0.79331
0 0.466851 0.438445 0.0371103 0.200415 0.787025
0 0.874122 0.446823 0.0538973 0.281461 0.770506
0 0.0156246 0.440169 0.0310112 0.179309 0.710362
24 0.885541 0.398203 0.0295664 0.100444 0.626614
0 0.0852118 0.454192 0.0216954 0.15694 0.459071
0 0.427327 0.411817 0.0262815 0.141294 0.453876
26 0.3137 0.584106 0.0476914 0.258417 0.403175
0 0.444263 0.473036 0.0452356 0.153725 0.322373
0 0.385032 0.455562 0.0346962 0.105359 0.310331
0 0.099233 0.457585 0.0213919 0.146902 0.306007
0 0.936635 0.436115 0.028561 0.193414 0.287505
