0 0.241747 0.610593 0.133711 0.689244 0.922451
0 0.361691 0.651791 0.130161 0.5787 0.882388
0 0.964856 0.453836 0.0675922 0.252483 0.860241
0 0.751508 0.426663 0.0501263 0.226298 0.85408
0 0.869431 0.448763 0.0611629 0.278291 0.850287
0 0.177965 0.472385 0.053141 0.290377 0.840632
0 0.0422255 0.471753 0.0447342 0.225619 0.813584
0 0.466752 0.439673 0.0380472 0.203792 0.786739
0 0.0159028 0.439473 0.0315818 0.178828 0.710462
26 0.311389 0.580279 0.0472076 0.258781 0.591992
24 0.883933 0.398999 0.0299673 0.0961227 0.561994
0 0.424493 0.411408 0.0246728 0.141184 0.509539
0 0.385265 0.456258 0.0357381 0.107289 0.314125
0 0.0896668 0.455383 0.0219868 0.157253 0.310055
0 0.102384 0.451081 0.0212471 0.163458 0.295819
0 0.0937045 0.452748 0.0280024 0.161613 0.287496
