0 0.240912 0.610133 0.134172 0.690459 0.918834
0 0.359592 0.65139 0.125468 0.580611 0.874652
0 0.751411 0.427117 0.049885 0.226947 0.862841
0 0.866493 0.448326 0.0658535 0.279219 0.854738
0 0.962787 0.453618 0.0654907 0.253511 0.846343
0 0.178945 0.472216 0.0560568 0.289779 0.843698
0 0.0410186 0.472449 0.0430911 0.225647 0.809579
0 0.46748 0.439329 0.0375411 0.202403 0.76569
0 0.0158233 0.439682 0.0313325 0.179182 0.710011
24 0.883209 0.402885 0.0319767 0.0945076 0.60558
26 0.310194 0.578687 0.0479411 0.257748 0.559067
0 0.423511 0.410511 0.0242364 0.139929 0.499261
0 0.443799 0.471784 0.0493471 0.155727 0.489752
0 0.102596 0.44993 0.0247987 0.165872 0.388097
0 0.385183 0.453399 0.0354655 0.09962 0.347193
0 0.0887736 0.45499 0.0235516 0.157677 0.296507
0 0.927434 0.437602 0.0288389 0.187385 0.278831
