0 0.242678 0.600928 0.125743 0.677757 0.88474
0 0.355018 0.645234 0.114903 0.566414 0.880136
0 0.863787 0.449321 0.0609636 0.27819 0.870514
0 0.750266 0.427081 0.0509976 0.226537 0.862689
0 0.957639 0.451709 0.0643559 0.25623 0.860117
0 0.179657 0.471894 0.0537685 0.290862 0.811268
0 0.0394341 0.472931 0.0413955 0.224054 0.804459
24 0.879338 0.397432 0.0307301 0.106378 0.756142
0 0.469025 0.438031 0.0374174 0.198601 0.75193
0 0.015489 0.439978 0.0306452 0.181145 0.728829
26 0.306738 0.575479 0.0499224 0.260851 0.614822
0 0.422128 0.410242 0.0260348 0.139682 0.578766
0 0.384956 0.449748 0.0351514 0.0915848 0.426211
0 0.444947 0.472559 0.0481676 0.153759 0.414051
0 0.929924 0.438867 0.0279697 0.18707 0.273284
0 0.0909511 0.452126 0.0282929 0.164733 0.271437
