0 0.24174 0.600907 0.124195 0.677037 0.878538
0 0.349707 0.640205 0.110507 0.563795 0.876573
0 0.862829 0.450078 0.0602167 0.276049 0.865868
0 0.747555 0.4257 0.0482195 0.224725 0.863288
0 0.955072 0.450303 0.0627571 0.256311 0.841709
0 0.179373 0.471021 0.0514532 0.291566 0.805102
0 0.0382295 0.474298 0.0397885 0.220231 0.790392
24 0.876912 0.401383 0.0304481 0.0986052 0.768868
0 0.468813 0.438194 0.0399544 0.201047 0.753883
0 0.0153454 0.440648 0.0303493 0.182583 0.713444
0 0.421754 0.410233 0.0272635 0.143852 0.662232
26 0.304142 0.575991 0.0493273 0.259019 0.556897
0 0.445239 0.471815 0.0465772 0.155207 0.443677
0 0.384661 0.447083 0.0356447 0.0902003 0.392873
0 0.0948253 0.451638 0.031122 0.165654 0.336662
24 0.880327 0.393095 0.0301956 0.100632 0.286524
0 0.930264 0.430211 0.028183 0.195157 0.284101
