0 0.240371 0.599985 0.124388 0.674379 0.882886
0 0.343404 0.641808 0.108866 0.566512 0.864916
0 0.862424 0.450744 0.059008 0.274081 0.860774
0 0.744498 0.427209 0.0480413 0.224746 0.831755
0 0.951409 0.44907 0.0566193 0.255719 0.818802
0 0.0379052 0.473752 0.0396394 0.221477 0.776624
0 0.178547 0.470057 0.049365 0.29134 0.776337
0 0.468916 0.437983 0.0409178 0.200099 0.738452
0 0.0153587 0.440266 0.0304641 0.18166 0.71142
24 0.873583 0.400908 0.0280891 0.102841 0.706624
0 0.42008 0.410193 0.0291079 0.14335 0.693013
26 0.301677 0.57781 0.0509429 0.27281 0.519367
0 0.101846 0.45343 0.0291462 0.161552 0.502061
0 0.384861 0.445122 0.0356633 0.0844107 0.486736
0 0.444063 0.470462 0.0467676 0.157668 0.467664
24 0.885109 0.378236 0.0229885 0.0709067 0.426697
0 0.929777 0.435856 0.0257626 0.195458 0.354329
0 0.909601 0.4246 0.0252327 0.207522 0.252201
