0 0.240302 0.596027 0.120775 0.668712 0.884016
0 0.946333 0.447793 0.0595985 0.256061 0.857207
0 0.861831 0.449475 0.0536516 0.274872 0.842294
0 0.338534 0.639304 0.108459 0.568126 0.837831
0 0.742291 0.424249 0.0472225 0.223765 0.828895
0 0.0367016 0.472696 0.0404242 0.220009 0.762755
0 0.177358 0.468364 0.048467 0.292701 0.761948
0 0.470452 0.436298 0.0403852 0.199986 0.710677
0 0.0147394 0.439313 0.0292267 0.181267 0.663356
0 0.419908 0.409543 0.0275774 0.144293 0.633387
24 0.869486 0.401016 0.0272911 0.101762 0.547181
26 0.299138 0.572593 0.0493995 0.26641 0.51285
0 0.38456 0.444571 0.0356313 0.0846603 0.462864
0 0.103253 0.453914 0.0199324 0.156174 0.423315
0 0.447719 0.470108 0.042575 0.155976 0.397717
36 0.741958 0.534809 0.0394243 0.0229485 0.312432
0 0.925897 0.436008 0.0200188 0.187044 0.303879
0 0.086846 0.450592 0.0245636 0.163925 0.263191
