0 0.240428 0.598149 0.121777 0.668215 0.882045
0 0.859397 0.450694 0.0519268 0.275004 0.868383
0 0.943152 0.450271 0.0567135 0.257153 0.858374
0 0.33443 0.640917 0.101908 0.565458 0.856418
0 0.740679 0.42689 0.0466218 0.224555 0.848138
0 0.17721 0.468929 0.0472094 0.294178 0.793982
0 0.0359896 0.473715 0.042229 0.218818 0.776216
0 0.472389 0.436943 0.0395101 0.201831 0.758591
24 0.865826 0.401194 0.0301014 0.100626 0.69026
0 0.105419 0.454832 0.0238954 0.163292 0.634936
0 0.420439 0.410629 0.0263773 0.145086 0.616632
0 0.384461 0.444965 0.0355031 0.0821447 0.511505
0 0.014569 0.442571 0.0291272 0.182385 0.495891
0 0.444236 0.471401 0.0470018 0.157438 0.436353
36 0.741221 0.537059 0.0410177 0.0223534 0.429386
26 0.297904 0.575988 0.0528379 0.264171 0.369011
0 0.0889086 0.445346 0.025338 0.154681 0.341689
0 0.454592 0.410258 0.018741 0.13603 0.330567
26 0.298021 0.624727 0.0516114 0.165224 0.256886
