0 0.737854 0.428308 0.0478127 0.232564 0.877046
0 0.939827 0.449233 0.0549688 0.25852 0.872116
0 0.235459 0.595837 0.116555 0.666597 0.866908
0 0.33328 0.641154 0.0957994 0.563803 0.864441
0 0.853625 0.447411 0.0486824 0.271724 0.860167
0 0.0352377 0.472626 0.043473 0.220144 0.76476
0 0.475226 0.434089 0.0357594 0.204366 0.760837
24 0.860416 0.39683 0.0336124 0.102627 0.755847
0 0.176125 0.469191 0.0452058 0.296022 0.667404
0 0.107674 0.454121 0.0272689 0.164106 0.611233
0 0.420075 0.41046 0.0262951 0.145691 0.605963
0 0.384033 0.446396 0.0350826 0.0865174 0.526304
26 0.291782 0.62276 0.0446985 0.16053 0.411203
26 0.293492 0.574731 0.0478027 0.263823 0.381291
0 0.454311 0.409557 0.017924 0.13622 0.363216
0 0.0141391 0.436314 0.0282781 0.175245 0.285244
0 0.446642 0.467786 0.0439697 0.164459 0.284986
0 0.0865857 0.439893 0.0328492 0.154371 0.283345
0 0.091756 0.444414 0.0239496 0.156991 0.254555
0 0.059841 0.452074 0.0219764 0.16037 0.253525
