0 0.9364 0.450088 0.0541361 0.254059 0.892607
0 0.736434 0.427711 0.0493196 0.2246 0.886972
0 0.23327 0.596747 0.115753 0.669667 0.874177
0 0.332061 0.641775 0.0950933 0.560421 0.863291
0 0.849504 0.448922 0.045874 0.271208 0.82666
0 0.0348468 0.473126 0.0449038 0.220468 0.81202
0 0.475812 0.434899 0.0361584 0.203569 0.771178
24 0.859361 0.40195 0.0305662 0.0879966 0.663419
0 0.175924 0.470454 0.0431055 0.298116 0.608231
0 0.108135 0.453613 0.0316201 0.166431 0.595823
0 0.383305 0.445562 0.0343883 0.0829025 0.580288
0 0.420241 0.411595 0.0252522 0.145056 0.533411
26 0.289051 0.623189 0.0420122 0.158217 0.424571
36 0.738092 0.538021 0.0367136 0.0199158 0.374905
0 0.0870656 0.442396 0.0365471 0.158181 0.368827
0 0.452894 0.41317 0.0178121 0.126636 0.357917
0 0.445575 0.470098 0.0451499 0.160132 0.301637
0 0.352617 0.362138 0.0225905 0.0394782 0.283419
26 0.29079 0.573607 0.0450138 0.26161 0.273234
0 0.060206 0.452416 0.0230081 0.159894 0.253251
