0 0.635923 0.598274 0.19078 0.784525 0.910697
0 0.449252 0.517484 0.078439 0.398507 0.904299
0 0.371174 0.512092 0.0826579 0.425203 0.894914
0 0.80695 0.425752 0.0507142 0.204038 0.855103
0 0.244449 0.469383 0.0439053 0.230769 0.825714
0 0.931522 0.453058 0.0519466 0.25192 0.81457
0 0.735004 0.421696 0.0448532 0.235166 0.794394
0 0.0735789 0.467776 0.0497271 0.240821 0.787176
0 0.195033 0.474233 0.0452198 0.227973 0.7723
0 0.959377 0.439191 0.0439983 0.268198 0.763807
26 0.540562 0.897606 0.0821853 0.203603 0.744614
0 0.548455 0.417271 0.0340991 0.169523 0.729691
26 0.70327 0.89696 0.0573712 0.202201 0.673244
0 0.0306816 0.495818 0.0263777 0.18417 0.65742
24 0.185545 0.434385 0.0269144 0.0803352 0.567748
0 0.00568367 0.427694 0.0113673 0.142514 0.434119
24 0.645141 0.482508 0.119633 0.235475 0.359639
0 0.0284676 0.3858 0.0178855 0.0771979 0.313344
0 0.04691 0.454054 0.0277451 0.20562 0.269443
