0 0.735515 0.425723 0.0494483 0.221735 0.877951
0 0.3286 0.642197 0.0969322 0.558498 0.866175
0 0.932839 0.450686 0.0601625 0.250963 0.86556
0 0.23107 0.594949 0.118083 0.665625 0.861868
0 0.0340084 0.472973 0.0446673 0.22017 0.799659
0 0.476211 0.434833 0.0367445 0.203892 0.770334
0 0.845329 0.447355 0.0440632 0.271908 0.688744
24 0.858883 0.395765 0.0274271 0.09822 0.666283
0 0.110212 0.455221 0.0325358 0.160914 0.579923
0 0.383991 0.444876 0.0360399 0.0828712 0.564205
0 0.176506 0.470232 0.0420064 0.298527 0.551584
0 0.418407 0.411032 0.0287468 0.14496 0.504479
26 0.287246 0.621196 0.0412675 0.156402 0.497172
0 0.0866813 0.442684 0.0398319 0.160911 0.325829
0 0.013398 0.410432 0.0266831 0.118495 0.277019
0 0.446849 0.45962 0.0436588 0.179661 0.254732
