0 0.929449 0.450725 0.0632753 0.250753 0.882321
0 0.326676 0.643321 0.0987362 0.557146 0.871866
0 0.229071 0.595632 0.116994 0.668774 0.856886
0 0.733245 0.427 0.0466407 0.221169 0.854144
0 0.843115 0.44587 0.0500237 0.275915 0.822156
0 0.034132 0.472441 0.0435142 0.220134 0.810852
0 0.47766 0.435485 0.0380888 0.202575 0.761097
24 0.85245 0.3955 0.0313631 0.0964352 0.697697
0 0.114298 0.454277 0.0361292 0.164425 0.600396
0 0.384117 0.445572 0.0376651 0.084034 0.577767
26 0.282854 0.620854 0.0362254 0.153219 0.525559
0 0.413853 0.411259 0.036068 0.145711 0.48704
0 0.175817 0.471293 0.0438358 0.29459 0.46951
0 0.0934418 0.444998 0.0283298 0.159802 0.328918
0 0.352851 0.389552 0.0230784 0.096678 0.318542
0 0.060497 0.451367 0.0229028 0.161289 0.269504
0 0.976676 0.426845 0.0395912 0.203856 0.265032
0 0.446604 0.46088 0.0442825 0.176567 0.252597
