0 0.929323 0.450577 0.0624224 0.250658 0.88819
0 0.228531 0.599174 0.11629 0.670139 0.866272
0 0.326218 0.643482 0.0951244 0.553285 0.862009
0 0.731961 0.428825 0.0444166 0.22494 0.834427
0 0.840725 0.448668 0.0508083 0.270801 0.823461
0 0.0342506 0.472548 0.0434574 0.219102 0.812338
0 0.478878 0.437096 0.038632 0.199098 0.710589
0 0.116815 0.455149 0.0371477 0.161618 0.64036
24 0.852036 0.396459 0.0274757 0.0893326 0.6183
0 0.383052 0.444381 0.0395586 0.0829735 0.577917
0 0.412313 0.412901 0.0364578 0.145083 0.517367
26 0.281938 0.62314 0.0372489 0.149198 0.468245
0 0.0952546 0.44595 0.0270605 0.156604 0.458123
36 0.739405 0.535081 0.0353132 0.021768 0.378615
0 0.0604163 0.45168 0.0244699 0.160514 0.371211
0 0.176224 0.472171 0.0419927 0.294146 0.330963
0 0.353767 0.379578 0.0268507 0.0759149 0.279934
26 0.284223 0.592003 0.0420646 0.213595 0.278307
0 0.977965 0.426152 0.0401384 0.206462 0.25217
