0 0.927918 0.449702 0.0619696 0.251481 0.888823
0 0.324853 0.643939 0.0910686 0.553924 0.860587
0 0.223961 0.59975 0.121212 0.663078 0.851095
0 0.83561 0.449365 0.0515188 0.269843 0.829633
0 0.033234 0.473202 0.043209 0.217927 0.807244
0 0.730658 0.424216 0.0440329 0.216679 0.802738
0 0.481729 0.437858 0.0425922 0.198379 0.738252
0 0.382004 0.44476 0.0411324 0.0845939 0.589485
24 0.847701 0.404623 0.0296101 0.0947808 0.575496
0 0.410971 0.412213 0.0356752 0.146475 0.528994
0 0.12004 0.455028 0.0364178 0.160944 0.463659
26 0.283011 0.576546 0.0448587 0.246999 0.449126
0 0.444544 0.466481 0.0468876 0.165758 0.391061
0 0.352444 0.397819 0.020678 0.113499 0.367184
0 0.0940616 0.44562 0.0313109 0.158655 0.366928
0 0.0616093 0.450051 0.0264072 0.162299 0.332585
36 0.71993 0.534935 0.0744753 0.0240465 0.306153
0 0.17682 0.472101 0.042565 0.290358 0.270779
