0 0.925453 0.450196 0.0599888 0.249734 0.868944
0 0.219993 0.598683 0.127699 0.659372 0.863579
0 0.834371 0.448533 0.0530815 0.271366 0.848984
0 0.322716 0.64349 0.0905939 0.551376 0.844297
0 0.729897 0.424752 0.0464146 0.215056 0.823741
0 0.0330895 0.473744 0.0434683 0.217816 0.813303
0 0.48316 0.437125 0.0430115 0.199381 0.737035
0 0.381342 0.445466 0.0426187 0.0864485 0.576747
24 0.845996 0.403041 0.0279392 0.088046 0.50311
26 0.281289 0.579214 0.0421933 0.244661 0.483841
0 0.410775 0.412444 0.0353409 0.146596 0.458415
0 0.0945518 0.446525 0.0310294 0.157273 0.426929
36 0.720277 0.535771 0.073167 0.022112 0.391283
0 0.444733 0.471357 0.0471839 0.156962 0.372853
0 0.127499 0.45374 0.0257958 0.153194 0.365155
0 0.0625625 0.45057 0.0275685 0.162066 0.335888
0 0.353154 0.399123 0.0211906 0.116678 0.330667
