0 0.219866 0.597508 0.124459 0.654604 0.856027
0 0.832085 0.447595 0.0506561 0.269122 0.840619
0 0.320278 0.640591 0.0887162 0.550486 0.825411
0 0.032419 0.473477 0.043873 0.215983 0.813286
0 0.729377 0.42322 0.0471687 0.216219 0.811545
0 0.484005 0.437111 0.042202 0.198275 0.771331
0 0.919681 0.441759 0.047047 0.236102 0.729835
0 0.443308 0.467223 0.0521248 0.161391 0.652729
0 0.380114 0.446384 0.0443845 0.0901459 0.57154
26 0.280084 0.579033 0.042427 0.240995 0.525606
24 0.844153 0.404219 0.0279188 0.0984452 0.469859
0 0.410484 0.410555 0.0346611 0.144428 0.465776
36 0.719764 0.534478 0.0746664 0.0236552 0.376695
0 0.130744 0.452687 0.0268253 0.154983 0.368736
0 0.980651 0.432813 0.0372881 0.197873 0.361945
0 0.0981635 0.447388 0.0267323 0.153357 0.344599
0 0.0612638 0.449823 0.0283077 0.160586 0.293303
1 0.92189 0.507217 0.0561386 0.12942 0.284666
0 0.0132972 0.402696 0.0253414 0.103229 0.275789
0 0.125777 0.452583 0.0286765 0.15531 0.261372
13 0.404825 0.51471 0.0856279 0.0732593 0.257205
0 0.992825 0.428426 0.0138245 0.176567 0.252187
