0 0.220466 0.600462 0.118083 0.652586 0.874318
0 0.829901 0.447626 0.0520996 0.267588 0.855576
0 0.317423 0.637868 0.0871327 0.54895 0.819485
0 0.914761 0.448214 0.0533291 0.2497 0.796579
0 0.0321564 0.474104 0.0438693 0.214843 0.792097
0 0.728979 0.424554 0.0480741 0.215682 0.78568
0 0.483762 0.437378 0.0382847 0.197002 0.785235
0 0.44422 0.468225 0.0543161 0.161438 0.630667
26 0.278703 0.574834 0.0444502 0.244908 0.623352
24 0.839404 0.40276 0.0278324 0.0915207 0.54505
0 0.41036 0.411359 0.034219 0.14655 0.49562
0 0.136043 0.45197 0.0252815 0.158933 0.484874
0 0.378579 0.44844 0.0461494 0.093663 0.458659
0 0.981504 0.435453 0.0351187 0.194072 0.449601
13 0.404725 0.516585 0.0905485 0.0672404 0.447126
36 0.719623 0.535496 0.0753073 0.0218196 0.348415
0 0.0994079 0.448383 0.0271832 0.15669 0.342248
0 0.949769 0.437594 0.0299244 0.180959 0.336093
0 0.991905 0.434698 0.0154907 0.18415 0.283102
0 0.378808 0.477948 0.046321 0.148491 0.263817
