0 0.221351 0.59988 0.112926 0.650842 0.85826
0 0.910175 0.445751 0.0537788 0.253619 0.849139
0 0.829373 0.448145 0.0558857 0.270848 0.84539
0 0.485116 0.43657 0.036697 0.198444 0.804858
0 0.314207 0.632053 0.0878599 0.54344 0.804784
0 0.0318417 0.472506 0.0436562 0.216041 0.78521
0 0.725914 0.422968 0.0523645 0.215121 0.784364
24 0.838151 0.409932 0.028334 0.0859256 0.605446
0 0.138947 0.452779 0.0241551 0.160492 0.536371
0 0.983599 0.437898 0.0315163 0.199259 0.529976
0 0.0992643 0.445068 0.0306172 0.163461 0.491429
0 0.409967 0.410996 0.0333989 0.148864 0.463163
0 0.445558 0.475457 0.0471539 0.143086 0.425681
26 0.276398 0.572239 0.0453332 0.242468 0.423586
36 0.719602 0.535614 0.0755032 0.0216847 0.389273
0 0.377723 0.473442 0.0472188 0.149453 0.384404
0 0.377999 0.447272 0.0466892 0.0965762 0.363466
0 0.356226 0.396939 0.0196002 0.116245 0.32853
0 0.0609555 0.450394 0.0267424 0.159981 0.29996
