0 0.216336 0.600694 0.121594 0.648249 0.866271
0 0.309253 0.628582 0.0957487 0.5391 0.837926
0 0.824617 0.446408 0.052383 0.271119 0.833406
0 0.486532 0.437341 0.0369747 0.200587 0.823986
0 0.906022 0.447715 0.051688 0.252507 0.79232
0 0.726232 0.424319 0.0534346 0.215215 0.789063
0 0.0320943 0.474538 0.0426551 0.213836 0.756565
0 0.377502 0.477251 0.048341 0.153218 0.55322
24 0.834857 0.410274 0.0281034 0.0856372 0.549023
0 0.443758 0.470399 0.0529106 0.159165 0.523495
0 0.140831 0.450712 0.0243407 0.162521 0.523429
26 0.272564 0.571524 0.0426476 0.238641 0.511902
0 0.0995621 0.445921 0.033429 0.161664 0.494896
36 0.720187 0.536116 0.0743153 0.0211242 0.438643
0 0.409718 0.413783 0.0326652 0.140526 0.411201
0 0.0130889 0.417456 0.0257247 0.131987 0.38137
0 0.982773 0.427655 0.0333694 0.205565 0.366294
0 0.356903 0.398041 0.0191627 0.117001 0.353816
26 0.835072 0.407642 0.0286888 0.0917784 0.340158
13 0.404481 0.515932 0.0884645 0.0732978 0.30089
0 0.0590997 0.448941 0.0261023 0.165755 0.281551
26 0.271276 0.61025 0.0417469 0.160481 0.25973
