0 0.215442 0.600473 0.119567 0.650997 0.864287
0 0.822402 0.44704 0.05082 0.268563 0.843975
0 0.310091 0.626779 0.0972266 0.54087 0.842953
0 0.486848 0.434655 0.0374977 0.203309 0.835116
0 0.902633 0.446174 0.0524218 0.25118 0.793716
0 0.0319703 0.471291 0.0442443 0.215531 0.791707
0 0.726168 0.422837 0.0516871 0.214468 0.7835
26 0.26962 0.569655 0.040484 0.234296 0.569966
0 0.142391 0.45074 0.0279967 0.166116 0.561119
0 0.0988252 0.441085 0.0349606 0.173493 0.553084
24 0.833126 0.40572 0.0308496 0.094714 0.535734
0 0.376979 0.476467 0.0481231 0.150598 0.477028
36 0.720316 0.535428 0.0739706 0.0221607 0.465562
0 0.409731 0.411618 0.0330931 0.147935 0.461397
0 0.444753 0.469676 0.0501156 0.15518 0.450766
0 0.935959 0.434682 0.0286249 0.190766 0.337191
0 0.983836 0.429483 0.0313133 0.208005 0.328365
0 0.357431 0.395505 0.0198351 0.114991 0.327981
0 0.0129057 0.40897 0.0252861 0.117914 0.323589
13 0.404743 0.516479 0.0885283 0.0712489 0.300078
0 0.0600939 0.449878 0.0272361 0.161213 0.28324
