0 0.64573 0.591658 0.190286 0.793397 0.925875
0 0.449809 0.517345 0.0773106 0.399997 0.908655
0 0.373362 0.515924 0.0860838 0.422249 0.906342
0 0.245148 0.469543 0.0439563 0.232175 0.837699
0 0.735696 0.416472 0.0476685 0.230369 0.826064
0 0.934827 0.453584 0.0432207 0.254319 0.814149
0 0.0741418 0.467631 0.0503 0.241162 0.786315
0 0.196249 0.474574 0.0473414 0.227953 0.772793
0 0.548633 0.423021 0.0347177 0.182525 0.772753
0 0.961139 0.438221 0.0409538 0.264076 0.770838
26 0.553764 0.892473 0.0852762 0.211621 0.750998
26 0.711483 0.889599 0.0614857 0.217617 0.700148
0 0.805236 0.424137 0.0477676 0.204806 0.685376
24 0.186152 0.436461 0.0279865 0.080169 0.669749
0 0.0307943 0.496058 0.0260369 0.183148 0.66037
0 0.797934 0.424333 0.0333914 0.203793 0.62521
0 0.00636171 0.425828 0.012718 0.145369 0.567224
24 0.649477 0.452672 0.114528 0.195309 0.491135
0 0.0469503 0.455577 0.027894 0.212396 0.330729
0 0.578432 0.372479 0.0207558 0.0659141 0.30062
