0 0.215358 0.599481 0.114708 0.650878 0.868439
0 0.31188 0.627206 0.101208 0.540348 0.856653
0 0.899665 0.448084 0.0524498 0.253247 0.835038
0 0.487285 0.435953 0.0373067 0.205311 0.826464
0 0.82043 0.449454 0.0487213 0.264013 0.81943
0 0.724835 0.423501 0.0503756 0.215508 0.801374
0 0.0319855 0.471279 0.044338 0.214114 0.781362
0 0.0995908 0.443681 0.0331756 0.167529 0.565611
0 0.376038 0.478187 0.0505281 0.152462 0.565418
24 0.831669 0.407782 0.0293711 0.0930275 0.502574
0 0.443374 0.469107 0.0528175 0.159881 0.469352
36 0.72026 0.536391 0.0744535 0.0218341 0.46411
26 0.268009 0.56718 0.038677 0.235971 0.442867
0 0.145122 0.451312 0.0332103 0.163495 0.404123
13 0.404484 0.514738 0.0891751 0.0771346 0.385114
0 0.409041 0.411603 0.0317746 0.142543 0.340742
0 0.983295 0.431944 0.032526 0.20675 0.333797
0 0.0128034 0.414987 0.0249859 0.127489 0.287006
0 0.950132 0.438003 0.030014 0.182157 0.283063
0 0.060733 0.451659 0.0246052 0.161175 0.273412
0 0.357736 0.397641 0.0194562 0.117568 0.252323
