0 0.213392 0.597212 0.115748 0.652296 0.874727
0 0.314501 0.625661 0.111357 0.543644 0.85958
0 0.489214 0.433918 0.0365604 0.206795 0.831234
0 0.897351 0.449299 0.054814 0.24787 0.806322
0 0.031517 0.467462 0.0440098 0.219177 0.802593
0 0.721031 0.422016 0.0450979 0.216035 0.794246
0 0.817307 0.443316 0.0451943 0.272976 0.790605
0 0.443663 0.468968 0.0511215 0.158115 0.591162
0 0.0996948 0.44184 0.0337505 0.173272 0.580717
26 0.267078 0.562896 0.040372 0.241283 0.474398
36 0.720454 0.534875 0.0738615 0.0231416 0.457243
0 0.375772 0.474202 0.0502382 0.150256 0.438703
24 0.827109 0.401728 0.0299103 0.0992993 0.406086
13 0.403425 0.513531 0.0897127 0.0771176 0.363902
0 0.0125008 0.412168 0.02465 0.124364 0.323041
0 0.149918 0.45167 0.0411757 0.16101 0.322417
0 0.409338 0.416491 0.0332965 0.132385 0.320362
0 0.358853 0.39875 0.0190852 0.12217 0.29795
0 0.949247 0.435148 0.0295498 0.183983 0.259442
