0 0.212605 0.595228 0.114358 0.650819 0.885356
0 0.316097 0.627005 0.115695 0.542223 0.864417
0 0.894059 0.4497 0.0520618 0.245804 0.858675
0 0.490012 0.434149 0.0362814 0.208518 0.822107
0 0.817045 0.443515 0.0482607 0.271442 0.807152
0 0.0312384 0.468033 0.0448876 0.220308 0.78374
0 0.71862 0.422943 0.0427425 0.215372 0.773853
0 0.100256 0.44496 0.0348644 0.171044 0.603299
0 0.444606 0.469811 0.0535661 0.159222 0.577296
26 0.265362 0.563721 0.0393621 0.238282 0.560089
13 0.40348 0.513775 0.091591 0.077956 0.466256
0 0.376023 0.475463 0.0497453 0.150406 0.451818
0 0.358631 0.399154 0.0179984 0.1218 0.360432
0 0.151448 0.449813 0.0433923 0.166434 0.359772
36 0.719846 0.534921 0.0746357 0.0235231 0.358897
0 0.012625 0.415707 0.0249053 0.129056 0.323928
0 0.409124 0.415154 0.0337564 0.137081 0.314718
0 0.949228 0.435346 0.03125 0.186222 0.290264
24 0.826474 0.398871 0.0301498 0.0998409 0.272022
0 0.0604714 0.445797 0.0257359 0.169417 0.263958
