0 0.315919 0.627749 0.121873 0.5393 0.879086
0 0.209814 0.587236 0.118467 0.634447 0.872488
0 0.890718 0.449233 0.0510677 0.245679 0.857312
0 0.491532 0.433995 0.0367262 0.207198 0.822884
0 0.713017 0.421465 0.0337318 0.213805 0.769684
0 0.0319422 0.467619 0.0420929 0.220432 0.763571
0 0.813786 0.443676 0.04474 0.272921 0.758073
0 0.103571 0.446745 0.0297328 0.160973 0.658609
0 0.445083 0.46933 0.055526 0.156788 0.579737
13 0.402732 0.51322 0.0915231 0.0787349 0.50814
26 0.265113 0.563483 0.0407284 0.236011 0.471972
24 0.823805 0.391985 0.0275362 0.0912664 0.450391
0 0.921853 0.424752 0.0260014 0.216887 0.449179
0 0.984632 0.429257 0.0297398 0.193776 0.439912
0 0.376017 0.473331 0.0497657 0.149948 0.391737
0 0.0122571 0.413507 0.0242555 0.124856 0.352716
0 0.376568 0.447462 0.0484226 0.0949861 0.319312
0 0.948128 0.437524 0.0281811 0.181843 0.314289
0 0.0628009 0.445069 0.0285445 0.172266 0.303403
0 0.360523 0.392666 0.0196694 0.10824 0.289818
0 0.627387 0.390214 0.0344158 0.0882937 0.265523
0 0.152161 0.466962 0.0416634 0.133466 0.252999
