0 0.316829 0.628737 0.123266 0.5376 0.890268
0 0.209655 0.585394 0.113275 0.631915 0.87929
0 0.888776 0.449282 0.0522717 0.246315 0.870226
0 0.492525 0.433815 0.0381814 0.208688 0.831033
0 0.0317896 0.467441 0.0418254 0.22033 0.774831
0 0.711007 0.421298 0.0331125 0.213441 0.749948
0 0.812463 0.442767 0.0433874 0.270282 0.678953
0 0.103806 0.447073 0.0297306 0.161348 0.660438
0 0.445007 0.4685 0.0562119 0.158494 0.650579
26 0.264274 0.563988 0.0404422 0.236929 0.53788
13 0.402653 0.513371 0.0920618 0.0781647 0.507266
24 0.822728 0.391042 0.0278378 0.0876834 0.498812
0 0.923307 0.424189 0.030205 0.216368 0.440565
0 0.360966 0.402675 0.0222909 0.13011 0.362895
0 0.375774 0.472305 0.0504975 0.150817 0.359788
0 0.986152 0.430315 0.0265396 0.193064 0.350535
0 0.376484 0.444934 0.0486508 0.0946969 0.337621
0 0.626989 0.390942 0.0350996 0.0890242 0.318571
0 0.949088 0.441401 0.0302973 0.175471 0.3135
0 0.804528 0.438139 0.0270756 0.258802 0.295637
0 0.0122019 0.413703 0.0241642 0.124985 0.288888
0 0.15325 0.467164 0.0394706 0.133685 0.271855
0 0.821886 0.454355 0.0281721 0.246643 0.258774
