0 0.317251 0.629106 0.125247 0.536851 0.893471
0 0.208811 0.586564 0.111943 0.631927 0.890451
0 0.886547 0.449503 0.051333 0.242518 0.854847
0 0.493563 0.433249 0.0380714 0.206926 0.853527
0 0.0313159 0.467762 0.0416267 0.220643 0.79174
0 0.103535 0.44661 0.0307909 0.161632 0.695026
0 0.708616 0.421367 0.028717 0.211828 0.685113
0 0.811652 0.443816 0.043083 0.266976 0.672787
0 0.445458 0.467806 0.0589791 0.160219 0.668078
26 0.262441 0.565203 0.0394772 0.235462 0.655847
0 0.921671 0.423816 0.0344734 0.215126 0.517253
13 0.402164 0.513858 0.0909857 0.077889 0.490695
0 0.360653 0.403671 0.0232804 0.13101 0.472771
0 0.948894 0.437383 0.0302486 0.185122 0.409442
0 0.988418 0.447396 0.0221786 0.180973 0.39641
0 0.375572 0.47378 0.0513697 0.151255 0.392771
0 0.805854 0.435028 0.0313565 0.2558 0.390057
0 0.376057 0.446936 0.0494637 0.0958614 0.31764
0 0.626957 0.391075 0.0349257 0.0902377 0.270073
0 0.399082 0.38559 0.0158866 0.0859972 0.266465
24 0.821867 0.390642 0.0276543 0.0878735 0.262543
