0 0.197568 0.585863 0.132137 0.630374 0.896699
0 0.317166 0.629818 0.129205 0.534573 0.894987
0 0.495272 0.43286 0.0384174 0.204871 0.846789
0 0.0314454 0.467773 0.0416156 0.218621 0.804078
0 0.883124 0.446163 0.0499876 0.24098 0.802004
0 0.444865 0.468166 0.0590423 0.158392 0.687105
26 0.260388 0.566826 0.0389696 0.233874 0.662981
0 0.706027 0.420973 0.0296326 0.21181 0.648044
0 0.101675 0.448442 0.032499 0.165214 0.624531
0 0.80731 0.442532 0.0461842 0.265057 0.584113
0 0.988434 0.456715 0.0222603 0.165955 0.571983
0 0.92282 0.423615 0.0399746 0.219064 0.535668
0 0.362278 0.402669 0.024087 0.129666 0.517719
13 0.402399 0.514077 0.0899402 0.0768294 0.461177
0 0.375843 0.474503 0.0516494 0.149592 0.429117
0 0.801177 0.433341 0.0341597 0.24679 0.42892
0 0.947586 0.436713 0.0270565 0.182977 0.392439
24 0.818674 0.393997 0.0234938 0.0876902 0.345341
0 0.376784 0.446581 0.0500828 0.0930686 0.300165
0 0.819556 0.457688 0.0279198 0.234854 0.298177
0 0.967857 0.434617 0.0285202 0.17381 0.297757
0 0.398698 0.382447 0.0154368 0.0840005 0.268733
0 0.626408 0.393391 0.0344423 0.0951828 0.268331
