0 0.196193 0.586778 0.133162 0.630367 0.901215
0 0.317238 0.629879 0.128378 0.532345 0.892824
0 0.881819 0.446945 0.0489719 0.242016 0.853352
0 0.495542 0.435373 0.0374423 0.205731 0.841573
0 0.0312632 0.468103 0.0425751 0.21875 0.802312
0 0.804902 0.442502 0.0510958 0.267071 0.792596
0 0.445677 0.467784 0.0595387 0.159453 0.678331
26 0.259143 0.567044 0.0406417 0.233298 0.662138
0 0.102553 0.448751 0.0305557 0.166547 0.62351
0 0.704388 0.421919 0.030167 0.21012 0.617189
0 0.375665 0.473842 0.0523972 0.151379 0.548716
0 0.922889 0.424929 0.0413706 0.216772 0.542797
0 0.987951 0.449165 0.0232929 0.183819 0.531774
13 0.401976 0.513955 0.0901535 0.0773307 0.473137
0 0.363181 0.402879 0.0245058 0.129326 0.459442
0 0.398069 0.382859 0.0170759 0.0851968 0.344111
0 0.626784 0.393867 0.0346434 0.100573 0.334257
0 0.0666554 0.447012 0.0327336 0.171233 0.292729
0 0.947322 0.437643 0.0265289 0.183159 0.284464
24 0.816054 0.395231 0.0270462 0.0891868 0.250755
