0 0.194347 0.587317 0.131977 0.634415 0.908743
0 0.315093 0.628406 0.126042 0.533446 0.892521
0 0.497027 0.436036 0.0367741 0.204363 0.846575
0 0.878432 0.445576 0.048065 0.241929 0.824655
0 0.801174 0.445045 0.0505119 0.262728 0.807493
0 0.0308234 0.468321 0.0421928 0.217605 0.798618
0 0.701053 0.420681 0.0375395 0.213677 0.781689
0 0.103486 0.450137 0.0282664 0.165162 0.658698
0 0.444856 0.467279 0.0573435 0.160128 0.65842
0 0.376247 0.472999 0.0518426 0.15282 0.633686
26 0.258286 0.564699 0.0409464 0.230234 0.607743
0 0.626334 0.394214 0.0342959 0.102648 0.520868
13 0.403266 0.51441 0.0921566 0.0713598 0.504981
0 0.923453 0.423846 0.0460642 0.216697 0.459427
0 0.396375 0.384444 0.0165831 0.0853802 0.378436
0 0.0678473 0.448601 0.0326981 0.168749 0.345478
0 0.364786 0.402651 0.0225219 0.127483 0.330883
0 0.00463448 0.421679 0.00926896 0.113264 0.302254
24 0.812806 0.401432 0.0260197 0.0932814 0.296242
0 0.366269 0.380025 0.0195299 0.0810788 0.27523
0 0.95626 0.440248 0.0431164 0.175935 0.26679
0 0.992923 0.462809 0.0132656 0.149839 0.25306
