0 0.191515 0.588079 0.133418 0.634084 0.906212
0 0.313618 0.627252 0.121252 0.533831 0.890857
0 0.497748 0.436616 0.0378744 0.204762 0.850092
0 0.877037 0.446766 0.0480968 0.246122 0.838911
0 0.800496 0.444829 0.0494827 0.265367 0.830111
0 0.701403 0.42123 0.0387222 0.214277 0.798717
0 0.0304899 0.46932 0.0415426 0.215742 0.79569
0 0.37632 0.472891 0.0523397 0.155224 0.704161
0 0.103714 0.450649 0.0301604 0.165535 0.699813
0 0.445151 0.468214 0.0569229 0.159303 0.675048
24 0.810602 0.402418 0.0272266 0.0945518 0.618087
26 0.258839 0.561083 0.0437272 0.232237 0.553342
0 0.626028 0.395214 0.0331835 0.106733 0.542106
0 0.0674406 0.446451 0.0351151 0.174657 0.498138
0 0.924626 0.425472 0.0434895 0.213504 0.485975
13 0.403468 0.515549 0.0913708 0.0694665 0.455956
0 0.396516 0.383541 0.0182217 0.0844137 0.415224
0 0.368028 0.380121 0.0182396 0.0802648 0.339177
0 0.00529648 0.419881 0.010593 0.115283 0.272964
0 0.992708 0.461641 0.0136597 0.144569 0.268058
0 0.367487 0.396786 0.020028 0.114559 0.253348
