0 0.652201 0.590587 0.191259 0.79964 0.939587
0 0.373627 0.517514 0.0854735 0.424476 0.905814
0 0.450203 0.517709 0.0771558 0.400616 0.901774
0 0.245641 0.4722 0.0442822 0.228862 0.827388
0 0.937788 0.454713 0.0455769 0.253403 0.818924
0 0.737746 0.417862 0.0454582 0.233543 0.815064
0 0.963598 0.439606 0.0409595 0.265272 0.79298
26 0.717926 0.892417 0.0654474 0.21298 0.792756
0 0.801831 0.42483 0.0447693 0.204798 0.790708
0 0.0742108 0.467634 0.0506539 0.241367 0.789269
0 0.54939 0.423242 0.0345255 0.18285 0.782538
0 0.19634 0.475423 0.0469869 0.227426 0.77351
26 0.562355 0.867833 0.0874434 0.262168 0.718625
0 0.00714963 0.426208 0.0142941 0.152779 0.515437
0 0.0320031 0.481444 0.0256189 0.21312 0.508024
24 0.186391 0.436769 0.0272974 0.0806781 0.47537
0 0.0471061 0.445438 0.0274871 0.199517 0.365531
24 0.65948 0.428611 0.123707 0.154277 0.311085
