0 0.189996 0.590322 0.130352 0.639143 0.904649
0 0.310786 0.622305 0.115864 0.531997 0.898026
0 0.4987 0.436018 0.0372747 0.20411 0.857054
0 0.875685 0.446184 0.046571 0.246546 0.839117
0 0.800063 0.445168 0.0483517 0.264846 0.819742
0 0.0299825 0.469394 0.0426429 0.214296 0.789196
0 0.701051 0.421776 0.0379971 0.215078 0.78667
0 0.10376 0.449432 0.0315207 0.165242 0.707485
0 0.37622 0.471913 0.0515675 0.154632 0.687246
0 0.444024 0.468557 0.0560695 0.157695 0.608262
24 0.808103 0.403335 0.026157 0.0907342 0.600885
26 0.260285 0.559303 0.0470869 0.239387 0.557097
0 0.0666223 0.446976 0.0354569 0.172647 0.485198
0 0.395638 0.382709 0.0196636 0.0852358 0.454073
0 0.625688 0.396873 0.0331127 0.108976 0.448521
0 0.369052 0.37953 0.0192676 0.0797058 0.377596
0 0.986903 0.436011 0.0254318 0.20302 0.376364
0 0.923828 0.424903 0.0480255 0.213723 0.368008
13 0.403779 0.511301 0.0914059 0.0765899 0.332614
0 0.0120372 0.412253 0.0236841 0.122222 0.2546
