0 0.184942 0.592323 0.13563 0.635655 0.904282
0 0.307127 0.617367 0.107769 0.523371 0.877729
0 0.500159 0.437763 0.0372734 0.205005 0.856878
0 0.871777 0.446224 0.0494843 0.246049 0.837267
0 0.798001 0.445968 0.0486778 0.262936 0.836071
0 0.0294711 0.470133 0.0432264 0.214656 0.758472
0 0.700785 0.421815 0.0397809 0.216539 0.754707
0 0.375691 0.473531 0.0523856 0.157784 0.698907
0 0.105227 0.449262 0.0306803 0.166874 0.696004
0 0.067003 0.445496 0.0356947 0.178006 0.607399
0 0.446377 0.468914 0.0554047 0.159511 0.590521
24 0.803919 0.402445 0.0279125 0.0900236 0.484352
0 0.981411 0.434637 0.0356647 0.207339 0.450871
26 0.258021 0.555918 0.0469176 0.234059 0.403594
0 0.623705 0.433845 0.0325928 0.181244 0.400619
0 0.394002 0.383382 0.0195963 0.0861298 0.395919
0 0.370752 0.379246 0.0190836 0.0805976 0.364646
13 0.404306 0.516087 0.0899952 0.0692291 0.361848
0 0.929992 0.424611 0.0402397 0.210286 0.349546
26 0.253562 0.598597 0.037896 0.146509 0.315086
0 0.0112801 0.413869 0.0223538 0.125328 0.276275
