0 0.182264 0.592322 0.138257 0.633616 0.908493
0 0.303572 0.616508 0.101434 0.521712 0.873843
0 0.867732 0.446086 0.0529144 0.241996 0.855896
0 0.50071 0.437466 0.0370476 0.203296 0.855797
0 0.795674 0.444363 0.0477305 0.25846 0.800982
0 0.027714 0.469881 0.0426471 0.212553 0.750349
0 0.700838 0.422805 0.0398596 0.213424 0.717861
0 0.104936 0.447699 0.0305297 0.169329 0.709194
0 0.375208 0.47091 0.0520633 0.161659 0.707297
24 0.802832 0.402422 0.0268145 0.0882658 0.697119
0 0.44601 0.468609 0.0554069 0.158023 0.586249
0 0.980994 0.41997 0.0369679 0.237771 0.573796
0 0.621646 0.435946 0.0335588 0.184267 0.563741
0 0.0677465 0.446318 0.0348538 0.176144 0.563083
0 0.930694 0.424596 0.0431252 0.210918 0.412069
0 0.392874 0.382039 0.018726 0.0843769 0.3808
0 0.371951 0.379218 0.0185873 0.0817401 0.378494
26 0.251725 0.596394 0.0409226 0.145032 0.370442
13 0.40432 0.51476 0.0896679 0.0706892 0.354952
26 0.254523 0.557451 0.0466093 0.223482 0.344102
36 0.809949 0.537999 0.0186602 0.0717303 0.319718
