0 0.179869 0.593093 0.138336 0.632393 0.892094
0 0.300824 0.616723 0.0956465 0.52268 0.874099
0 0.865224 0.448262 0.0545364 0.237796 0.852848
0 0.501345 0.437687 0.037947 0.204847 0.8217
0 0.79207 0.441592 0.0483011 0.258639 0.778047
0 0.0260506 0.469428 0.0441582 0.213444 0.758389
0 0.374556 0.473482 0.0540569 0.162967 0.731434
0 0.978603 0.419185 0.0419048 0.242071 0.672485
0 0.700343 0.423453 0.0395243 0.210953 0.670675
0 0.104324 0.447762 0.0279921 0.168739 0.670084
0 0.446386 0.469231 0.0559874 0.158858 0.604756
0 0.620617 0.435126 0.0316423 0.182389 0.596504
0 0.0669089 0.446337 0.0365782 0.177503 0.564951
24 0.797221 0.394614 0.0287626 0.097413 0.515329
0 0.931865 0.423779 0.0411283 0.209519 0.454947
0 0.391532 0.380475 0.0221531 0.0846147 0.393897
0 0.373448 0.378577 0.0176948 0.0813338 0.381761
26 0.251039 0.597117 0.039754 0.141974 0.341822
26 0.255791 0.554782 0.0499327 0.23087 0.302888
13 0.405474 0.514567 0.0885059 0.0709729 0.299168
0 0.334404 0.422951 0.019282 0.0688107 0.250362
