0 0.17713 0.590996 0.136245 0.630786 0.90439
0 0.299382 0.616834 0.0962472 0.520829 0.861966
0 0.864809 0.447948 0.0535679 0.238859 0.853797
0 0.501942 0.436796 0.0372696 0.204721 0.809618
0 0.0252242 0.467494 0.043167 0.213162 0.767308
0 0.788655 0.434586 0.0455071 0.247182 0.756744
0 0.976832 0.41889 0.0454582 0.242262 0.700328
0 0.619289 0.433918 0.0315213 0.18248 0.665271
0 0.104796 0.448198 0.0289536 0.169675 0.63863
0 0.374648 0.473318 0.054583 0.160924 0.628935
0 0.699525 0.422884 0.0394733 0.209848 0.622947
0 0.445731 0.468481 0.0553211 0.158737 0.61987
0 0.06596 0.447733 0.0381512 0.174405 0.514887
24 0.797371 0.392272 0.0270063 0.0925498 0.488944
0 0.390969 0.379962 0.0244514 0.0855085 0.449135
13 0.401622 0.514154 0.0953773 0.0713214 0.42654
26 0.24987 0.595503 0.0397736 0.141673 0.422429
0 0.374021 0.380536 0.0178956 0.0864465 0.405011
0 0.931354 0.423918 0.0413372 0.209147 0.382511
26 0.250693 0.558731 0.0441555 0.215825 0.309728
0 0.333899 0.422774 0.0205319 0.0694219 0.278374
