0 0.175448 0.587877 0.13233 0.627703 0.902492
0 0.296342 0.615842 0.094341 0.521325 0.848513
0 0.864528 0.447979 0.0518021 0.2402 0.845709
0 0.50243 0.436879 0.0371412 0.207366 0.832489
0 0.0237347 0.46535 0.0427376 0.216567 0.778583
0 0.785265 0.42851 0.0449093 0.239822 0.728726
0 0.975984 0.413991 0.0472195 0.233765 0.712356
0 0.37481 0.473936 0.0544698 0.163487 0.702001
0 0.617539 0.434202 0.0303118 0.182031 0.698062
0 0.445917 0.46828 0.0556576 0.159497 0.629874
0 0.104659 0.447459 0.0289834 0.168694 0.592544
0 0.697003 0.422518 0.0463966 0.214154 0.546237
0 0.390085 0.378569 0.0223418 0.0820772 0.481261
0 0.067154 0.447371 0.0361464 0.171804 0.468367
26 0.250631 0.554298 0.0467464 0.22408 0.382358
0 0.931945 0.424099 0.0406128 0.210156 0.381117
0 0.3744 0.379428 0.0173967 0.0838962 0.36379
0 0.0500123 0.446313 0.0245335 0.170378 0.358834
24 0.794751 0.391011 0.0248877 0.0817748 0.341763
13 0.402251 0.513971 0.0947425 0.0708301 0.319537
0 0.818686 0.424495 0.0259945 0.182821 0.309895
26 0.248934 0.598161 0.040905 0.136232 0.305746
