0 0.171616 0.585318 0.128653 0.628141 0.884181
0 0.863589 0.448844 0.0502594 0.238477 0.844795
0 0.974221 0.45206 0.0506653 0.303613 0.835586
0 0.503915 0.436294 0.0380649 0.209033 0.827065
0 0.290917 0.61684 0.0987434 0.520017 0.818108
0 0.781736 0.42718 0.0470247 0.242852 0.791946
0 0.0227767 0.46404 0.0434234 0.217721 0.781266
0 0.616064 0.432879 0.0313909 0.182489 0.714157
0 0.447574 0.46897 0.0562832 0.159123 0.602399
0 0.105784 0.447976 0.0304668 0.166776 0.490052
0 0.374183 0.474304 0.0559436 0.16141 0.472121
26 0.25021 0.552798 0.0507346 0.230635 0.471442
0 0.932434 0.423105 0.0385223 0.208742 0.376222
24 0.790185 0.393947 0.0298786 0.0909837 0.367009
0 0.0701144 0.456975 0.0289274 0.152855 0.366222
13 0.401954 0.513458 0.0938317 0.0732982 0.358306
0 0.693103 0.42185 0.0548763 0.210584 0.357272
0 0.0472821 0.445953 0.0291553 0.172951 0.346194
0 0.389284 0.381284 0.0229954 0.0880606 0.30986
0 0.375002 0.379747 0.0180026 0.0858934 0.271973
