0 0.169652 0.582887 0.12898 0.625933 0.894879
0 0.780494 0.425981 0.0480249 0.241989 0.850038
0 0.290684 0.617839 0.0933212 0.52243 0.848317
0 0.973451 0.45331 0.0522133 0.303768 0.822724
0 0.859993 0.448708 0.0486835 0.23779 0.814141
0 0.504729 0.435429 0.0382149 0.210071 0.812109
0 0.0234472 0.463726 0.0427849 0.217582 0.775761
0 0.614263 0.432564 0.0321573 0.184006 0.699157
0 0.106797 0.448342 0.0314171 0.167383 0.57595
0 0.447708 0.46887 0.0560432 0.159335 0.553646
0 0.373571 0.473155 0.0573605 0.164254 0.52042
0 0.0698679 0.463142 0.0284499 0.138025 0.431145
26 0.246337 0.559067 0.0490033 0.217422 0.421136
0 0.931761 0.42271 0.0364517 0.208846 0.35814
0 0.38731 0.381211 0.0272408 0.0889543 0.332832
24 0.790654 0.395707 0.0268736 0.0910586 0.331579
13 0.404962 0.513267 0.0878057 0.0734024 0.280103
