0 0.169657 0.580883 0.129695 0.620584 0.898353
0 0.289341 0.618267 0.0906403 0.520144 0.85338
0 0.778244 0.427926 0.0482585 0.241224 0.837483
0 0.505285 0.434923 0.0379856 0.208958 0.818502
0 0.857351 0.448056 0.0450802 0.237955 0.818388
0 0.972545 0.453408 0.0540482 0.300999 0.810127
0 0.022655 0.464209 0.0413219 0.217784 0.80556
0 0.610966 0.432409 0.033514 0.188271 0.692551
0 0.37335 0.473149 0.0573318 0.163872 0.57116
0 0.446009 0.468097 0.0557568 0.159913 0.564819
0 0.106886 0.44756 0.0324585 0.167796 0.506073
26 0.244162 0.562811 0.0475626 0.210585 0.496741
0 0.0697117 0.463842 0.0279016 0.140762 0.496259
24 0.787567 0.395435 0.0277211 0.0915015 0.493533
0 0.931445 0.422454 0.0371889 0.209192 0.412059
0 0.386509 0.380092 0.0296752 0.0856818 0.271101
