0 0.167694 0.575546 0.120814 0.614317 0.88191
0 0.287654 0.618353 0.0892414 0.515518 0.864035
0 0.775486 0.427714 0.0490184 0.240182 0.834907
0 0.971559 0.452838 0.0559708 0.301341 0.821752
0 0.0217094 0.463315 0.041496 0.222969 0.817069
0 0.506419 0.435495 0.0373398 0.213307 0.813267
0 0.8511 0.445433 0.0467258 0.237923 0.804115
0 0.609223 0.431817 0.0334836 0.185967 0.756688
24 0.783645 0.395405 0.0318728 0.0965875 0.655701
0 0.373078 0.472483 0.0584424 0.164551 0.641183
0 0.108154 0.446859 0.0334051 0.166862 0.491206
0 0.069665 0.464015 0.0279111 0.138858 0.473164
0 0.445156 0.471459 0.0533892 0.151836 0.468508
26 0.242228 0.603794 0.0443633 0.135106 0.431553
0 0.386119 0.382576 0.0328232 0.0914346 0.352967
0 0.0485738 0.469228 0.0214491 0.136125 0.323134
26 0.242437 0.568663 0.0460488 0.204939 0.288731
0 0.931908 0.423669 0.0364117 0.20765 0.284852
