0 0.91326 0.659822 0.172859 0.661142 0.929717
0 0.143519 0.639498 0.186092 0.703715 0.926247
0 0.381561 0.625751 0.148954 0.735429 0.922096
0 0.84157 0.445537 0.0541557 0.239567 0.839267
26 0.310677 0.76139 0.0584167 0.178319 0.791279
0 0.5274 0.437117 0.0542759 0.237767 0.790144
0 0.876343 0.417837 0.0394585 0.213599 0.779483
0 0.472009 0.429831 0.0275827 0.180728 0.772694
26 0.981087 0.739539 0.0370468 0.431361 0.762399
0 0.040383 0.468111 0.0407369 0.244661 0.761189
26 0.44053 0.780576 0.0530462 0.21267 0.721017
0 0.509719 0.422677 0.022675 0.173797 0.69342
0 0.0171278 0.416909 0.0250947 0.138699 0.677847
0 0.0710255 0.463672 0.0499699 0.244406 0.631268
0 0.695993 0.417299 0.0345295 0.2162 0.523073
0 0.556567 0.442446 0.0263052 0.205388 0.506985
0 0.212478 0.424184 0.0364786 0.125196 0.460785
26 0.241104 0.770459 0.0877288 0.263916 0.452514
0 0.331543 0.440509 0.0527166 0.245834 0.439028
26 0.220153 0.652309 0.131633 0.444793 0.402102
26 0.238027 0.83655 0.0807169 0.132489 0.396895
0 0.4074 0.356082 0.0225994 0.0524907 0.354613
24 0.381102 0.467694 0.100849 0.201318 0.320104
0 0.442496 0.386509 0.025318 0.0844411 0.257675
