0 0.662232 0.588867 0.192695 0.800228 0.925451
0 0.373684 0.518687 0.0853347 0.422282 0.896809
0 0.450924 0.519286 0.0770605 0.403605 0.884334
0 0.940285 0.453514 0.0487118 0.257504 0.828474
0 0.247726 0.473863 0.0457218 0.228554 0.816807
0 0.0745431 0.467703 0.0512355 0.241296 0.790656
26 0.57324 0.894617 0.0861131 0.209288 0.790417
0 0.549943 0.42292 0.0348145 0.183918 0.785641
0 0.798296 0.423842 0.0424982 0.203238 0.771124
26 0.723467 0.893634 0.0799572 0.211081 0.766743
0 0.197625 0.474786 0.0465606 0.228474 0.759505
0 0.965521 0.442158 0.0411823 0.266888 0.75807
0 0.738344 0.418218 0.0460789 0.232509 0.639741
0 0.00849612 0.425674 0.0169922 0.15351 0.511577
0 0.0329157 0.471902 0.027021 0.232071 0.508643
24 0.186976 0.437208 0.027414 0.0830142 0.483215
24 0.671973 0.459759 0.123041 0.217718 0.439387
0 0.0467782 0.449353 0.0279112 0.207236 0.331221
0 0.0399911 0.468863 0.0386335 0.238767 0.280311
0 0.00656343 0.436081 0.0130119 0.176552 0.258085
