0 0.168453 0.575539 0.114626 0.610563 0.877041
0 0.285573 0.617476 0.0917464 0.514264 0.849254
0 0.774226 0.42881 0.0493195 0.239083 0.847033
0 0.973215 0.453055 0.0527309 0.301476 0.82282
0 0.84823 0.445713 0.0472866 0.236927 0.822006
0 0.0214868 0.46344 0.0418518 0.222419 0.811107
0 0.506835 0.436349 0.0374044 0.212122 0.807794
0 0.608332 0.431841 0.0343224 0.18583 0.756367
0 0.373139 0.474106 0.0580172 0.162556 0.626166
0 0.445486 0.467436 0.0548803 0.160256 0.550149
24 0.783539 0.399892 0.0275957 0.0950929 0.488934
0 0.109023 0.448557 0.0309624 0.165693 0.471649
26 0.242916 0.607892 0.0458656 0.131144 0.45224
0 0.0698903 0.464717 0.0276109 0.139682 0.389965
0 0.933446 0.42288 0.0372326 0.2104 0.387478
0 0.383012 0.3826 0.0308117 0.0858717 0.345965
26 0.24404 0.566773 0.0493185 0.214654 0.29157
13 0.406808 0.515281 0.0857981 0.0681953 0.279515
0 0.04976 0.469313 0.0238531 0.13628 0.265323
0 0.423902 0.414814 0.0271649 0.139403 0.264008
0 0.217854 0.45667 0.0468016 0.263158 0.262259
