0 0.16128 0.575209 0.121007 0.609451 0.855638
0 0.971881 0.451399 0.0554031 0.304272 0.849437
0 0.281772 0.616847 0.0891373 0.511988 0.846366
0 0.845146 0.44478 0.050634 0.237854 0.842286
0 0.770773 0.427464 0.0487205 0.240618 0.833136
0 0.0207953 0.463606 0.041482 0.221547 0.828906
0 0.507659 0.435584 0.0385312 0.21097 0.802463
0 0.606408 0.429256 0.0352312 0.189078 0.73102
0 0.372609 0.472009 0.0580022 0.164367 0.560948
0 0.0487569 0.444463 0.034222 0.1849 0.556966
0 0.444156 0.467806 0.0516222 0.158556 0.534606
24 0.779073 0.403104 0.0295259 0.093237 0.528285
26 0.241551 0.582868 0.0469838 0.17996 0.487957
0 0.216123 0.477262 0.0449983 0.303199 0.470544
0 0.109958 0.44907 0.0339537 0.164437 0.451265
0 0.381894 0.381559 0.0296036 0.0875515 0.410862
0 0.806856 0.420681 0.0327522 0.181054 0.391765
0 0.421446 0.414257 0.0269999 0.142064 0.378739
0 0.0728919 0.449376 0.0296436 0.171313 0.355307
0 0.933504 0.421994 0.0364189 0.206783 0.301914
0 0.871955 0.427269 0.0292866 0.197907 0.277925
0 0.939276 0.420756 0.0282337 0.211882 0.257304
