0 0.161846 0.575912 0.114927 0.611472 0.871803
0 0.97263 0.451307 0.0538977 0.30709 0.857059
0 0.769172 0.430446 0.0484954 0.23499 0.837058
0 0.842606 0.446719 0.0525475 0.240606 0.832214
0 0.275434 0.61794 0.0990886 0.513983 0.832039
0 0.509315 0.437197 0.0392239 0.210847 0.822928
0 0.0206908 0.464351 0.0410592 0.220373 0.808828
0 0.607207 0.431264 0.0320534 0.186589 0.751177
0 0.216737 0.479742 0.0466927 0.30741 0.562937
0 0.445423 0.46768 0.0545074 0.159732 0.559929
26 0.240344 0.565693 0.0471456 0.211811 0.539901
0 0.37253 0.475841 0.0576118 0.159835 0.539694
0 0.048788 0.443958 0.0356359 0.186521 0.530406
0 0.803782 0.422529 0.0297998 0.182498 0.513184
0 0.421072 0.413813 0.0278587 0.143195 0.428726
0 0.0734188 0.450011 0.0298465 0.173938 0.382377
0 0.382606 0.381992 0.0275833 0.0871782 0.370247
0 0.933909 0.423668 0.0365372 0.211823 0.310752
0 0.110787 0.449679 0.0317457 0.166935 0.280953
13 0.406007 0.516519 0.0880306 0.0664315 0.259522
