0 0.160454 0.574972 0.114137 0.607122 0.85842
0 0.972505 0.450761 0.0536642 0.307788 0.845052
0 0.510952 0.438016 0.041536 0.210518 0.838276
0 0.841059 0.445827 0.0539213 0.236541 0.836527
0 0.274359 0.614522 0.100829 0.508384 0.828553
0 0.768316 0.431035 0.049428 0.232593 0.821231
0 0.0208168 0.465262 0.0412395 0.219356 0.79794
0 0.606414 0.431111 0.0311811 0.187589 0.730026
0 0.215125 0.481568 0.044344 0.313354 0.643893
0 0.0490209 0.445277 0.0365829 0.185219 0.616441
0 0.372685 0.473333 0.0577302 0.164183 0.543891
26 0.2381 0.563986 0.0480168 0.2143 0.538214
0 0.802269 0.422348 0.0306255 0.183326 0.504586
0 0.446123 0.472696 0.0533047 0.148776 0.437273
24 0.776635 0.404829 0.0316825 0.100168 0.394671
0 0.420526 0.413903 0.0266676 0.141821 0.355067
0 0.0744111 0.448444 0.0308702 0.175549 0.353112
0 0.382541 0.381285 0.0283959 0.085719 0.33719
26 0.237959 0.596158 0.04799 0.151158 0.253308
