0 0.158105 0.575148 0.110911 0.607737 0.869475
0 0.274553 0.609025 0.0917228 0.503403 0.866527
0 0.512677 0.438978 0.0416708 0.21038 0.848726
0 0.970765 0.450876 0.0537102 0.310828 0.845351
0 0.842442 0.447496 0.0550541 0.230885 0.819062
0 0.765481 0.43114 0.0489864 0.230428 0.802719
0 0.0202993 0.4654 0.0400484 0.215437 0.779457
0 0.605175 0.432685 0.0310312 0.186179 0.737628
0 0.213787 0.480949 0.0473636 0.315211 0.64869
0 0.0505433 0.44693 0.0333593 0.181181 0.584036
0 0.800646 0.422571 0.0313272 0.181609 0.548689
24 0.774579 0.396958 0.0293189 0.0988343 0.532459
0 0.445853 0.469731 0.0534508 0.156173 0.473921
0 0.372496 0.470999 0.0575319 0.169266 0.429019
0 0.420038 0.41387 0.0269132 0.142535 0.416263
0 0.0780545 0.451368 0.03802 0.170724 0.386127
26 0.238467 0.558729 0.0464657 0.215481 0.284251
0 0.382068 0.381619 0.0286797 0.0863079 0.267999
13 0.403754 0.516997 0.0903325 0.0730932 0.256354
0 0.332174 0.451748 0.0436116 0.128274 0.251601
