0 0.155472 0.577184 0.111117 0.609641 0.883676
0 0.513051 0.438873 0.0405459 0.209889 0.851122
0 0.268466 0.606421 0.100208 0.504433 0.840978
0 0.841527 0.447037 0.0651463 0.234025 0.835073
0 0.96782 0.448585 0.0539028 0.311235 0.832676
0 0.764198 0.433502 0.0473238 0.228894 0.80602
0 0.0202281 0.465639 0.0400953 0.214063 0.785866
0 0.604463 0.43391 0.0309256 0.187631 0.743677
0 0.213122 0.478674 0.0492171 0.313645 0.649994
0 0.798616 0.423669 0.0306028 0.182653 0.607565
0 0.0500627 0.44744 0.0336999 0.181083 0.602388
0 0.372662 0.473158 0.0575875 0.165401 0.572558
0 0.445536 0.468008 0.0542419 0.15856 0.543335
26 0.235066 0.555694 0.0477772 0.219789 0.508518
0 0.419586 0.413225 0.0257263 0.142589 0.436302
0 0.381732 0.382289 0.0293126 0.0889336 0.408493
0 0.0744412 0.449971 0.0280268 0.174488 0.399752
24 0.770759 0.394855 0.0255571 0.0905318 0.278502
0 0.872764 0.431756 0.0260975 0.19811 0.262021
0 0.331313 0.451962 0.0446356 0.128862 0.2512
