0 0.154783 0.577835 0.10984 0.606764 0.882664
0 0.2655 0.603486 0.109492 0.50831 0.867081
0 0.513382 0.438292 0.03794 0.210119 0.848764
0 0.837084 0.446293 0.0688642 0.234242 0.844329
0 0.962885 0.448291 0.0529758 0.311989 0.804936
0 0.762619 0.428844 0.0467831 0.234271 0.798067
0 0.0194985 0.464121 0.0387301 0.2186 0.76834
0 0.600747 0.433241 0.0368622 0.185685 0.767217
0 0.0501758 0.44841 0.0334179 0.179248 0.62468
0 0.797053 0.422876 0.0304714 0.181718 0.6089
0 0.37267 0.472818 0.0575138 0.1661 0.58076
0 0.212065 0.476456 0.0518779 0.314805 0.566644
0 0.4452 0.471352 0.0535902 0.151947 0.50504
0 0.380332 0.380275 0.0273172 0.0870058 0.462466
0 0.0736042 0.449277 0.0264808 0.176346 0.454065
26 0.231705 0.555786 0.0496891 0.210954 0.417818
0 0.419525 0.410821 0.0247633 0.142102 0.397688
0 0.330478 0.451796 0.0459522 0.128969 0.299341
0 0.873706 0.432876 0.0284386 0.191747 0.250341
