0 0.835061 0.448989 0.0662148 0.230256 0.87294
0 0.15301 0.581078 0.111498 0.600646 0.871359
0 0.266057 0.603755 0.113528 0.508708 0.867069
0 0.513889 0.437825 0.038138 0.211526 0.856402
0 0.761358 0.428124 0.0455631 0.237358 0.831957
0 0.96112 0.449401 0.0574528 0.309465 0.818706
0 0.599518 0.432804 0.0393274 0.187398 0.753093
0 0.0192904 0.46694 0.0378949 0.211709 0.740609
0 0.212503 0.47717 0.0501472 0.317416 0.670936
0 0.0507573 0.44867 0.0330143 0.178484 0.641295
0 0.372858 0.473367 0.0576849 0.165776 0.57766
0 0.445976 0.470085 0.0553423 0.154684 0.545202
26 0.229598 0.555447 0.0451907 0.212982 0.538564
0 0.794719 0.422788 0.0316137 0.181956 0.47116
0 0.0747361 0.450398 0.0239692 0.174207 0.462565
0 0.381599 0.381386 0.0294802 0.0880214 0.407519
0 0.330002 0.451918 0.045828 0.128297 0.399865
0 0.418815 0.411221 0.0241211 0.139972 0.367552
