0 0.146728 0.578934 0.122319 0.602562 0.883221
0 0.834825 0.446711 0.0678509 0.233468 0.877756
0 0.26665 0.605053 0.1147 0.508594 0.868649
0 0.514514 0.436728 0.0373087 0.21269 0.854472
0 0.759856 0.427497 0.0442587 0.235008 0.82197
0 0.958369 0.45035 0.061985 0.308308 0.779801
0 0.599602 0.430893 0.0382788 0.186556 0.768258
0 0.0187321 0.465637 0.0371343 0.211872 0.697071
0 0.0505514 0.448603 0.0329369 0.177439 0.648574
0 0.372932 0.472142 0.0576774 0.16808 0.582865
0 0.444996 0.468862 0.0535467 0.157092 0.51648
0 0.212439 0.476175 0.0483604 0.316113 0.490142
0 0.418901 0.412067 0.0252039 0.143007 0.425526
0 0.380857 0.380326 0.0282041 0.0891596 0.410006
0 0.0752306 0.461721 0.0229923 0.151458 0.398705
0 0.329625 0.4515 0.0465324 0.128838 0.368179
0 0.79303 0.420885 0.0311934 0.179304 0.360539
