0 0.266912 0.606311 0.116908 0.504384 0.875876
0 0.832052 0.445344 0.0659737 0.227339 0.873688
0 0.149191 0.581859 0.11289 0.593466 0.868193
0 0.949969 0.451544 0.06681 0.304836 0.861619
0 0.515578 0.436402 0.0372079 0.213606 0.842195
0 0.758286 0.427806 0.042911 0.235121 0.829424
0 0.599361 0.428219 0.0378019 0.184034 0.783828
0 0.0188423 0.46417 0.0374372 0.212278 0.759891
0 0.0503213 0.449261 0.0331441 0.175691 0.616863
0 0.372994 0.473771 0.0576191 0.166559 0.59613
0 0.21365 0.472907 0.0509906 0.306953 0.51285
0 0.445467 0.468373 0.0545798 0.158611 0.476056
0 0.419142 0.41371 0.0247721 0.142174 0.44842
26 0.227232 0.552527 0.0415633 0.216603 0.420068
0 0.382917 0.381128 0.0314964 0.0871762 0.409761
0 0.0739716 0.445913 0.0273037 0.184987 0.402091
0 0.790676 0.421475 0.0305668 0.180869 0.35622
0 0.329938 0.451942 0.0459419 0.127494 0.347981
