0 0.669389 0.589815 0.193082 0.799912 0.925232
0 0.373063 0.521284 0.084584 0.424606 0.899454
0 0.450824 0.520062 0.0759794 0.40318 0.888238
0 0.940271 0.452406 0.0501015 0.262426 0.834697
0 0.24768 0.47338 0.0453045 0.23032 0.8259
26 0.585683 0.896785 0.0936041 0.205065 0.809183
0 0.792599 0.42374 0.0383427 0.203465 0.795524
0 0.0748848 0.467346 0.0506717 0.241555 0.791967
26 0.733787 0.896633 0.0734894 0.20394 0.773575
0 0.550134 0.422742 0.035044 0.183974 0.771314
0 0.19696 0.474178 0.045987 0.230558 0.760953
0 0.967299 0.442268 0.0408695 0.266077 0.757155
0 0.0102546 0.426099 0.0203031 0.151316 0.541865
0 0.031834 0.476802 0.0249483 0.222358 0.483524
0 0.739992 0.41477 0.0430836 0.224573 0.444807
26 0.407519 0.503329 0.0206317 0.0947125 0.386201
0 0.0468379 0.442608 0.0285427 0.194605 0.334606
24 0.673467 0.449186 0.121142 0.192579 0.307749
24 0.187146 0.436914 0.0266141 0.0831465 0.296418
26 0.958786 0.415733 0.0212198 0.0891712 0.280172
