0 0.143227 0.579993 0.124554 0.593002 0.896726
0 0.948038 0.451664 0.069084 0.304094 0.860598
0 0.267398 0.605823 0.117367 0.504788 0.857172
0 0.516481 0.435772 0.0370808 0.21456 0.831856
0 0.829229 0.443285 0.063129 0.227961 0.831803
0 0.75778 0.426352 0.0428972 0.237302 0.826464
0 0.59872 0.42779 0.0383185 0.184373 0.774016
0 0.0177101 0.463708 0.0352898 0.210455 0.754967
0 0.0504276 0.448689 0.0334611 0.176533 0.653809
0 0.373044 0.470534 0.0579961 0.170843 0.62488
0 0.444798 0.468755 0.052627 0.157067 0.555441
0 0.0753582 0.46871 0.0247987 0.137962 0.505858
0 0.328183 0.451432 0.0500164 0.127945 0.495443
26 0.225024 0.556365 0.038097 0.203173 0.485716
0 0.420148 0.411712 0.0261616 0.139576 0.476793
0 0.213944 0.475697 0.0531323 0.31228 0.412172
0 0.789114 0.41923 0.028632 0.177015 0.406775
0 0.214076 0.403305 0.0528546 0.166983 0.397483
0 0.383968 0.379482 0.0319718 0.0858523 0.362693
0 0.866291 0.435448 0.0327312 0.195019 0.3527
0 0.855333 0.361765 0.0206757 0.0738546 0.261782
