0 0.142285 0.581526 0.123221 0.59541 0.893868
0 0.822759 0.44469 0.0533421 0.229091 0.867585
0 0.268541 0.607713 0.11708 0.500476 0.859857
0 0.947371 0.451521 0.0679493 0.299495 0.855279
0 0.517151 0.43526 0.0354687 0.214439 0.798716
0 0.755272 0.427236 0.0420086 0.238469 0.79656
0 0.0175315 0.465304 0.0349605 0.209734 0.768048
0 0.597221 0.428451 0.0364019 0.186395 0.726588
0 0.0525566 0.448505 0.0357738 0.179885 0.654168
0 0.372924 0.471101 0.0570787 0.171413 0.632146
0 0.4456 0.46816 0.0562716 0.159085 0.583014
26 0.220817 0.556247 0.0416046 0.20778 0.568784
0 0.21463 0.466051 0.054029 0.290141 0.548707
0 0.327749 0.451919 0.0506044 0.12859 0.437069
0 0.866393 0.434847 0.0321424 0.193997 0.377075
0 0.787525 0.424125 0.0287699 0.185185 0.376762
0 0.0755914 0.446192 0.0239802 0.183999 0.369323
0 0.419005 0.413456 0.0251047 0.136094 0.300405
0 0.382961 0.380683 0.0310139 0.0860783 0.296553
