0 0.141875 0.580933 0.122182 0.594165 0.889431
0 0.82084 0.444455 0.0507874 0.231781 0.871725
0 0.268066 0.607611 0.118052 0.501473 0.865074
0 0.947914 0.451257 0.0670193 0.299138 0.854076
0 0.517939 0.434416 0.0359744 0.21524 0.798442
0 0.753264 0.425708 0.0428907 0.234028 0.774187
0 0.0175385 0.46572 0.0349819 0.207168 0.751788
0 0.596397 0.430234 0.0350459 0.186174 0.729082
26 0.218627 0.559302 0.0395356 0.204508 0.648508
0 0.0531163 0.448543 0.036559 0.180468 0.637632
0 0.215059 0.461244 0.0513185 0.279649 0.556878
0 0.866502 0.435622 0.0345785 0.197033 0.550035
0 0.372973 0.471247 0.0579119 0.16902 0.534304
0 0.445314 0.469138 0.0532667 0.1581 0.53316
0 0.327387 0.451726 0.0512655 0.128049 0.438506
0 0.0760541 0.445313 0.0243056 0.185881 0.397545
0 0.786493 0.423056 0.0269204 0.181597 0.317656
0 0.383737 0.381449 0.0325177 0.0877968 0.306126
