0 0.140663 0.583152 0.122165 0.598203 0.894286
0 0.267782 0.608094 0.118861 0.499055 0.878869
0 0.948394 0.451453 0.0685812 0.299877 0.866694
0 0.817821 0.443366 0.0487446 0.232009 0.84119
0 0.518957 0.434046 0.0373361 0.215881 0.802101
0 0.750064 0.426709 0.0461117 0.23517 0.780787
0 0.0175004 0.465678 0.0349156 0.20889 0.739114
26 0.218614 0.558399 0.0398375 0.208485 0.693469
0 0.596106 0.430427 0.0356928 0.185437 0.677186
0 0.0526364 0.447761 0.0369583 0.180867 0.598683
0 0.21604 0.468427 0.0500782 0.291362 0.572083
0 0.445001 0.469802 0.0521898 0.156012 0.509646
0 0.372942 0.47131 0.0575373 0.168651 0.500202
0 0.858251 0.432426 0.0268044 0.201382 0.46145
0 0.327299 0.451582 0.0519412 0.128548 0.436743
0 0.0758496 0.446801 0.0265067 0.184388 0.367349
0 0.990954 0.379158 0.0172977 0.0704141 0.290291
0 0.381802 0.38214 0.0290586 0.0887479 0.252637
