0 0.137836 0.574925 0.124008 0.585092 0.891634
0 0.267686 0.608201 0.117261 0.496398 0.879037
0 0.946836 0.450787 0.0634365 0.299253 0.869225
0 0.814859 0.445007 0.0476807 0.232445 0.862206
0 0.521458 0.434372 0.04002 0.21705 0.840683
0 0.0160216 0.464991 0.0319867 0.20957 0.719458
26 0.218289 0.558611 0.0414629 0.208203 0.708534
0 0.74829 0.426723 0.0439107 0.23115 0.66996
0 0.594056 0.433258 0.0367035 0.186858 0.643338
0 0.0534379 0.448994 0.0369134 0.180543 0.629549
0 0.859546 0.433685 0.0289728 0.202212 0.604202
0 0.372527 0.472452 0.0563177 0.166668 0.560738
0 0.215717 0.461218 0.0506214 0.274453 0.515779
0 0.444722 0.470045 0.0509871 0.155527 0.501908
0 0.327103 0.451542 0.0524871 0.128283 0.405214
24 0.757398 0.401308 0.0239435 0.0775739 0.377701
0 0.0770339 0.447621 0.0262272 0.18219 0.348023
0 0.3813 0.382334 0.0283176 0.0838021 0.304339
