0 0.139281 0.571754 0.119499 0.58185 0.888902
0 0.94362 0.45069 0.0610481 0.298305 0.887038
0 0.267002 0.608396 0.116131 0.495731 0.874574
0 0.813101 0.444694 0.0482319 0.229242 0.855779
0 0.522559 0.434638 0.0408625 0.217747 0.850571
0 0.591238 0.439428 0.0424071 0.195874 0.713742
26 0.217096 0.557907 0.0414669 0.206745 0.708776
0 0.0147491 0.463901 0.0294192 0.211495 0.682027
0 0.746995 0.424566 0.0422244 0.223704 0.666101
0 0.0528395 0.449485 0.0373222 0.180797 0.594938
0 0.858601 0.433056 0.0272221 0.201551 0.587767
0 0.372481 0.472538 0.056102 0.167448 0.576618
0 0.215644 0.444013 0.0516054 0.240658 0.535727
0 0.445265 0.469505 0.0542043 0.157209 0.518607
0 0.328806 0.45151 0.0496354 0.128953 0.381007
0 0.0789923 0.446725 0.0299916 0.182446 0.344679
0 0.380568 0.381765 0.0278485 0.082068 0.325364
24 0.755428 0.401186 0.0247025 0.0806322 0.253593
