0 0.138171 0.568568 0.116191 0.575662 0.87392
0 0.936106 0.449119 0.059042 0.297137 0.866018
0 0.262835 0.607682 0.114402 0.495005 0.862114
0 0.523582 0.436648 0.039511 0.218311 0.836088
0 0.810479 0.444736 0.0496189 0.229064 0.819198
0 0.745203 0.429427 0.0452035 0.233131 0.755586
0 0.0137802 0.463992 0.0274984 0.21115 0.679881
0 0.590878 0.438871 0.0395292 0.189558 0.67225
26 0.216095 0.556339 0.0418765 0.19983 0.647572
0 0.372473 0.473159 0.0564379 0.167472 0.599244
0 0.21488 0.437422 0.0500216 0.22964 0.56399
0 0.447007 0.46855 0.0552081 0.159544 0.511013
0 0.05221 0.449684 0.0359864 0.180252 0.438083
0 0.0782042 0.447252 0.0278731 0.182268 0.434993
0 0.856788 0.434001 0.0252064 0.199662 0.426681
0 0.329192 0.452011 0.0489078 0.12866 0.363516
0 0.378422 0.380313 0.0243706 0.0776393 0.313044
