0 0.932372 0.448855 0.0605328 0.299249 0.87842
0 0.260985 0.606607 0.110704 0.492087 0.860827
0 0.133058 0.569738 0.11985 0.577475 0.858382
0 0.523891 0.437261 0.0387733 0.218055 0.832989
0 0.809064 0.445278 0.0498619 0.229344 0.831341
0 0.742883 0.428706 0.0451234 0.23399 0.756587
26 0.215411 0.552137 0.0434601 0.205442 0.685695
0 0.0141608 0.466807 0.0283217 0.209332 0.681681
0 0.590266 0.440281 0.0376884 0.190399 0.663825
0 0.372533 0.471812 0.0571123 0.166614 0.657106
0 0.447474 0.468478 0.0543316 0.159499 0.56951
0 0.214374 0.43238 0.0523551 0.222948 0.569009
0 0.0517449 0.45088 0.0352119 0.179838 0.470753
0 0.856221 0.435044 0.0298038 0.20026 0.465024
0 0.0776728 0.448086 0.027728 0.182349 0.453919
0 0.00566102 0.638177 0.0112487 0.223887 0.423124
24 0.751127 0.4031 0.0244591 0.0861881 0.406821
0 0.328837 0.452007 0.0492466 0.129081 0.394937
0 0.375839 0.381634 0.0222623 0.0803892 0.33471
