0 0.929704 0.447771 0.0631842 0.301613 0.871205
0 0.133193 0.56995 0.119952 0.577727 0.870047
0 0.258433 0.60067 0.107442 0.482504 0.849198
0 0.8085 0.445762 0.0483997 0.232057 0.828493
0 0.524825 0.437306 0.0375965 0.217302 0.824926
0 0.741727 0.428328 0.0437439 0.234448 0.764148
0 0.0148676 0.465196 0.0296952 0.209127 0.712963
26 0.21442 0.55158 0.0461568 0.203898 0.711955
0 0.372485 0.471135 0.0568801 0.167847 0.679568
0 0.589329 0.438992 0.0360449 0.187521 0.663682
0 0.446234 0.468817 0.0542061 0.158161 0.556323
0 0.214663 0.429151 0.051567 0.21826 0.552737
0 0.00779009 0.635134 0.0154879 0.231222 0.548263
0 0.0516367 0.451438 0.0355669 0.180197 0.517304
0 0.0780298 0.44789 0.0278805 0.183724 0.47966
24 0.749176 0.402419 0.0246899 0.0833967 0.373347
0 0.00812369 0.751059 0.0161951 0.469066 0.371696
0 0.328406 0.452113 0.0497823 0.129226 0.361341
0 0.375297 0.381422 0.0231596 0.0810939 0.333165
0 0.856578 0.430549 0.0263712 0.190559 0.26939
0 0.777812 0.424546 0.0281063 0.184869 0.256449
