0 0.130655 0.570347 0.117358 0.57665 0.878133
0 0.925274 0.446249 0.0706045 0.300052 0.854661
0 0.254139 0.599755 0.100968 0.483954 0.847229
0 0.525549 0.437155 0.0378285 0.214633 0.820676
0 0.806877 0.442021 0.0510376 0.226054 0.795466
0 0.0138839 0.461972 0.0277542 0.213837 0.706214
0 0.373149 0.471375 0.0573353 0.171362 0.701545
0 0.738737 0.422366 0.0428869 0.224294 0.689326
0 0.5869 0.438677 0.0345149 0.192291 0.689318
26 0.212556 0.544447 0.0480973 0.20808 0.649507
0 0.0105325 0.640146 0.0208829 0.248955 0.566155
0 0.0525087 0.452498 0.0355591 0.178767 0.560081
0 0.445882 0.467808 0.0547709 0.160426 0.559061
24 0.747093 0.398247 0.0250849 0.080611 0.516889
0 0.0787532 0.44885 0.0279518 0.18315 0.475329
0 0.0103812 0.748303 0.0206458 0.472482 0.457213
0 0.854767 0.435852 0.0263443 0.199797 0.449258
0 0.328102 0.452131 0.0500313 0.130075 0.443753
0 0.214381 0.406883 0.0513906 0.179975 0.436328
0 0.373698 0.380273 0.0208075 0.0785924 0.255648
