0 0.677382 0.590987 0.195037 0.797955 0.934134
0 0.37337 0.522182 0.0857466 0.424482 0.897465
0 0.451296 0.520308 0.0761166 0.400703 0.87857
0 0.940563 0.452601 0.0538225 0.263784 0.844845
0 0.248469 0.474715 0.0457216 0.228215 0.819147
0 0.0752115 0.46753 0.0506879 0.241145 0.806584
0 0.789538 0.424101 0.0392529 0.202976 0.799389
26 0.590386 0.902385 0.0859089 0.192607 0.79818
0 0.19775 0.474253 0.047161 0.230319 0.78019
26 0.741579 0.898944 0.0717264 0.200794 0.77369
0 0.550151 0.422041 0.0340201 0.183721 0.757923
0 0.970894 0.4409 0.0420712 0.266 0.734582
0 0.0107002 0.42408 0.0214004 0.149745 0.59657
0 0.0318597 0.491567 0.0252418 0.192949 0.494929
0 0.589044 0.410443 0.0379128 0.197434 0.465938
0 0.0465397 0.441504 0.0280742 0.189242 0.318385
0 0.741349 0.370364 0.0379471 0.137684 0.31642
24 0.659949 0.498314 0.175114 0.288198 0.278265
26 0.607701 0.501591 0.0891857 0.285365 0.270055
24 0.187353 0.436428 0.0267841 0.0842888 0.262876
