0 0.123644 0.569716 0.128827 0.577296 0.890964
0 0.920302 0.446671 0.0667555 0.299681 0.862836
0 0.251659 0.599528 0.0976629 0.485548 0.860432
0 0.525789 0.438603 0.0375879 0.215109 0.816831
0 0.0129893 0.462775 0.0259665 0.213059 0.737313
0 0.805768 0.442698 0.0524717 0.223913 0.720828
0 0.373137 0.470967 0.0571009 0.172408 0.71886
26 0.211915 0.543322 0.0487685 0.205703 0.713437
0 0.584534 0.436838 0.0360418 0.190833 0.689353
0 0.0129091 0.749239 0.0257068 0.467488 0.667347
0 0.736612 0.422084 0.0431364 0.218986 0.663347
0 0.855121 0.435017 0.0252777 0.195747 0.630267
0 0.445939 0.468518 0.0556623 0.158574 0.607711
0 0.0521343 0.45325 0.0321694 0.178027 0.547725
0 0.212767 0.398908 0.0509275 0.165353 0.519167
0 0.797847 0.44104 0.0374931 0.218052 0.494083
0 0.0779203 0.450006 0.0303603 0.18097 0.457752
0 0.985509 0.438811 0.0277622 0.189402 0.440332
0 0.327965 0.45216 0.0500724 0.130112 0.339876
24 0.745635 0.39597 0.0241709 0.0786429 0.301904
0 0.952156 0.425763 0.0285374 0.210684 0.270418
0 0.951254 0.36421 0.0290039 0.086255 0.270108
