0 0.132602 0.570524 0.109351 0.580147 0.87576
0 0.916782 0.44686 0.0690689 0.299759 0.873751
0 0.249076 0.600308 0.0930496 0.483476 0.828787
0 0.527438 0.438772 0.0377285 0.214432 0.81829
0 0.734609 0.422748 0.0433315 0.223208 0.787717
0 0.802599 0.441263 0.0520899 0.223524 0.760839
0 0.372756 0.471159 0.056913 0.17266 0.707017
0 0.581605 0.437119 0.0347816 0.197284 0.70146
26 0.209536 0.542327 0.0467096 0.205372 0.634704
0 0.0165703 0.73948 0.0330297 0.479226 0.603504
0 0.0130384 0.464438 0.0259583 0.212408 0.58375
0 0.0518509 0.453098 0.0309871 0.178085 0.575951
0 0.446205 0.467663 0.054762 0.160449 0.56059
0 0.216152 0.394443 0.0472284 0.158635 0.549657
0 0.0808438 0.449479 0.036429 0.183263 0.491118
0 0.951936 0.367144 0.030965 0.0925801 0.392341
0 0.855177 0.435593 0.0218639 0.191793 0.379383
0 0.951066 0.426519 0.0333668 0.211577 0.32176
0 0.328216 0.452062 0.0498198 0.130173 0.320754
0 0.985185 0.438362 0.0285345 0.185137 0.311488
0 0.374597 0.381607 0.0286396 0.0853561 0.292908
