0 0.132143 0.570497 0.105813 0.5784 0.883182
0 0.914491 0.44725 0.0703789 0.299506 0.866087
0 0.248374 0.599463 0.088415 0.483149 0.837546
0 0.732441 0.423768 0.0441368 0.229169 0.824109
0 0.527729 0.439106 0.0377748 0.215331 0.818428
0 0.799973 0.441768 0.0528627 0.224353 0.760884
0 0.577575 0.435876 0.034363 0.196646 0.706173
0 0.372868 0.471979 0.0571232 0.170778 0.703001
26 0.209507 0.541707 0.0484733 0.210337 0.599835
0 0.446055 0.467997 0.0552567 0.16004 0.577463
0 0.0513059 0.453252 0.0321201 0.179596 0.546257
0 0.216429 0.389531 0.0468534 0.150023 0.532894
0 0.018546 0.740545 0.0368552 0.476098 0.532764
0 0.0136549 0.462771 0.0272564 0.208241 0.498323
0 0.984558 0.440846 0.0297073 0.186434 0.409028
0 0.327095 0.452202 0.0510085 0.130374 0.381937
0 0.952472 0.367251 0.0316755 0.0929061 0.375894
0 0.0811778 0.451434 0.0340198 0.179294 0.371218
0 0.951213 0.427236 0.0335463 0.212169 0.288521
0 0.470139 0.414451 0.0202263 0.1159 0.264462
36 0.737795 0.535223 0.0352406 0.0205868 0.257387
0 0.3727 0.387565 0.0265084 0.0981628 0.256918
