0 0.131447 0.571428 0.105356 0.576683 0.882703
0 0.911262 0.448328 0.0714695 0.298386 0.868435
0 0.248229 0.601255 0.0852786 0.480823 0.839242
0 0.528154 0.439078 0.0374633 0.2148 0.826573
0 0.730767 0.418737 0.0459127 0.221069 0.81099
0 0.79502 0.439132 0.0527121 0.225244 0.751689
0 0.574671 0.437527 0.0341038 0.199762 0.726956
0 0.372543 0.471412 0.0576559 0.16837 0.708332
26 0.208357 0.542747 0.0494699 0.211074 0.65871
0 0.0203582 0.738668 0.0404348 0.476524 0.655092
0 0.050343 0.4534 0.0338358 0.18075 0.561096
0 0.44698 0.468004 0.0543661 0.160652 0.523955
0 0.217325 0.391204 0.046076 0.149768 0.522832
0 0.0228552 0.440983 0.0277301 0.181162 0.472529
0 0.0128686 0.443266 0.0249803 0.175919 0.460502
0 0.0796109 0.457811 0.0323173 0.16922 0.403778
0 0.954012 0.366598 0.03435 0.0921648 0.380163
0 0.370987 0.386186 0.0244091 0.0952783 0.336516
0 0.952908 0.426496 0.0359577 0.212709 0.333695
0 0.953456 0.390276 0.0344763 0.138211 0.2649
0 0.837521 0.441742 0.0429384 0.18516 0.260082
