0 0.130962 0.570715 0.101639 0.573092 0.883125
0 0.909208 0.449124 0.070644 0.296028 0.873339
0 0.528384 0.43836 0.0359424 0.217222 0.824691
0 0.72796 0.420831 0.0499447 0.222624 0.818064
0 0.246654 0.600728 0.088619 0.478689 0.815956
0 0.572196 0.436858 0.0349445 0.198893 0.773634
0 0.791551 0.437737 0.0525454 0.221326 0.770767
0 0.372666 0.472701 0.0579655 0.165235 0.710461
26 0.206781 0.542177 0.0517124 0.211514 0.669231
0 0.0224905 0.734177 0.0446883 0.486804 0.620809
0 0.0517757 0.452886 0.0347034 0.182881 0.571986
0 0.446178 0.468644 0.0560743 0.159002 0.541887
0 0.022687 0.441355 0.0285674 0.180243 0.522729
0 0.218581 0.391004 0.045812 0.145296 0.498769
0 0.0123802 0.433719 0.0247605 0.15301 0.466338
0 0.952707 0.425168 0.0368603 0.209484 0.428369
0 0.370817 0.386388 0.0291126 0.0977324 0.414427
0 0.0791425 0.472479 0.0308087 0.136815 0.386885
0 0.952367 0.366949 0.0358799 0.0917937 0.331529
0 0.983662 0.443848 0.031628 0.181036 0.287835
0 0.325108 0.431459 0.039826 0.0874437 0.268997
