0 0.907259 0.450384 0.0715309 0.291943 0.873711
0 0.126481 0.573114 0.107042 0.572352 0.865252
0 0.528582 0.438026 0.035692 0.216512 0.823555
0 0.245322 0.600248 0.0901584 0.478114 0.814946
0 0.723813 0.421527 0.0533983 0.218823 0.807965
0 0.572026 0.437981 0.0367165 0.198974 0.755602
0 0.372696 0.473862 0.0580346 0.163783 0.698982
0 0.789709 0.437498 0.0519939 0.220537 0.696004
0 0.0234902 0.441383 0.0281004 0.180262 0.602215
0 0.0239353 0.694625 0.0475688 0.564663 0.57686
0 0.446936 0.467782 0.0530106 0.161833 0.568221
0 0.95036 0.427371 0.0363056 0.21253 0.55656
26 0.204662 0.542742 0.050154 0.205859 0.548278
0 0.0516977 0.453277 0.0326437 0.1836 0.545667
0 0.219212 0.390822 0.0461538 0.142196 0.5242
0 0.369906 0.386987 0.030562 0.0985545 0.488021
0 0.979064 0.440411 0.0258629 0.181897 0.339778
24 0.733498 0.397336 0.0273123 0.0837791 0.305271
0 0.325504 0.431839 0.0393452 0.0881983 0.28957
