0 0.683937 0.595824 0.203729 0.78832 0.914834
0 0.374214 0.523075 0.0874038 0.427244 0.887699
0 0.452861 0.521892 0.0758639 0.402308 0.883323
0 0.940907 0.454591 0.0566532 0.258829 0.836451
0 0.250139 0.474542 0.0466486 0.22951 0.829994
0 0.198827 0.474112 0.0481879 0.232757 0.816944
0 0.0753115 0.467532 0.0506952 0.241233 0.813832
0 0.972237 0.438808 0.0380671 0.270571 0.752351
26 0.75482 0.908022 0.0671669 0.182357 0.750427
26 0.607848 0.907735 0.0967371 0.184424 0.716301
0 0.550627 0.422191 0.0332748 0.185521 0.715404
0 0.786581 0.423963 0.0358816 0.204622 0.663467
0 0.0117246 0.423241 0.0234492 0.146257 0.543114
0 0.0316061 0.487976 0.0255576 0.200009 0.480723
0 0.424969 0.51828 0.0383737 0.363386 0.316
0 0.0458073 0.440965 0.0286193 0.187928 0.315955
0 0.586143 0.404497 0.0302088 0.181005 0.311928
24 0.69713 0.462934 0.120454 0.189757 0.29262
26 0.187584 0.436141 0.0263589 0.0839275 0.269106
