0 0.695639 0.599472 0.194936 0.784133 0.938101
0 0.454202 0.523721 0.07747 0.404107 0.8775
0 0.373871 0.521803 0.0867758 0.42635 0.874762
0 0.198851 0.472617 0.0485646 0.234278 0.829735
0 0.0756249 0.466228 0.0510295 0.243811 0.819006
0 0.251902 0.473589 0.0459838 0.231458 0.813147
0 0.944121 0.454595 0.0609867 0.258081 0.800288
0 0.601048 0.596772 0.0901907 0.501598 0.75059
26 0.763704 0.911685 0.0632227 0.176207 0.723377
24 0.703039 0.474735 0.1213 0.197896 0.699698
0 0.551404 0.421737 0.0331301 0.185163 0.688816
26 0.614985 0.91011 0.0939287 0.178866 0.648475
0 0.973068 0.438623 0.0357973 0.269548 0.629308
0 0.781201 0.424202 0.0359575 0.205859 0.591034
0 0.0313857 0.489062 0.0251032 0.197788 0.473927
26 0.927108 0.444265 0.0286667 0.104634 0.416714
0 0.425297 0.516894 0.0377492 0.36032 0.392005
0 0.0134549 0.421125 0.0245987 0.136242 0.350974
0 0.925637 0.455871 0.0285744 0.196108 0.335324
0 0.0459665 0.442761 0.0286517 0.185088 0.297272
24 0.187924 0.434567 0.0269428 0.0849482 0.29637
0 0.739266 0.355272 0.0282876 0.0979452 0.292737
