0 0.709129 0.600649 0.192059 0.783398 0.93255
0 0.372213 0.521765 0.0836622 0.428886 0.88929
0 0.45641 0.524832 0.0799459 0.406869 0.869
0 0.199337 0.472073 0.0497972 0.237349 0.820693
0 0.0755997 0.465734 0.0503006 0.244595 0.814894
0 0.946546 0.455097 0.0625755 0.260363 0.801604
0 0.253891 0.472362 0.0459504 0.23383 0.788817
26 0.776884 0.91329 0.0598831 0.171674 0.77808
0 0.600183 0.667888 0.0999132 0.646057 0.767973
0 0.552073 0.422047 0.0332298 0.18569 0.713923
24 0.715291 0.499733 0.123172 0.23491 0.677882
0 0.976232 0.42985 0.0335724 0.249569 0.657673
0 0.0321721 0.470739 0.0271891 0.234569 0.463065
26 0.929014 0.450351 0.0301582 0.0854802 0.439702
0 0.01476 0.426493 0.0283142 0.14928 0.436457
26 0.928689 0.430146 0.0313805 0.119263 0.428562
0 0.0460684 0.44106 0.0292466 0.186121 0.362566
0 0.779873 0.371866 0.0323464 0.102802 0.340925
0 0.426459 0.515825 0.037103 0.357843 0.328082
0 0.0426746 0.467763 0.0379599 0.240022 0.314575
0 0.923258 0.440973 0.0360672 0.223537 0.309606
24 0.188009 0.433639 0.0271046 0.0859355 0.296295
26 0.624915 0.926814 0.0898296 0.146373 0.258224
0 0.579504 0.382787 0.0166685 0.128751 0.253453
