0 0.717118 0.599529 0.189063 0.784772 0.931027
0 0.371599 0.520439 0.0826993 0.431107 0.885559
0 0.457284 0.524142 0.08397 0.408785 0.858428
0 0.947802 0.45501 0.0617683 0.262991 0.832901
0 0.199624 0.473551 0.0502619 0.236321 0.819186
26 0.785515 0.916783 0.0589001 0.164683 0.815554
0 0.0757375 0.465621 0.0505109 0.24443 0.81368
0 0.596338 0.667273 0.100647 0.645397 0.783692
0 0.25625 0.471616 0.0467579 0.234907 0.781795
0 0.977696 0.435956 0.0330231 0.260777 0.699096
0 0.552928 0.41857 0.0326298 0.177086 0.692527
24 0.722667 0.490269 0.123259 0.222218 0.649741
0 0.921423 0.432404 0.0386044 0.233638 0.565359
0 0.0155791 0.427373 0.0308624 0.148457 0.48867
0 0.0317986 0.485468 0.0265005 0.204706 0.477464
0 0.779131 0.372663 0.030467 0.104119 0.435546
0 0.045545 0.439987 0.030428 0.18776 0.427758
26 0.931703 0.454143 0.0278244 0.083966 0.338228
26 0.629271 0.927532 0.0970526 0.144935 0.321873
0 0.42713 0.517848 0.037911 0.349806 0.310105
26 0.651938 0.928096 0.0514043 0.142873 0.269569
