0 0.724452 0.597946 0.190205 0.786892 0.933466
0 0.371565 0.518307 0.0818979 0.435682 0.882712
0 0.459606 0.523531 0.0836088 0.410937 0.86254
0 0.594839 0.666592 0.103282 0.652756 0.848269
0 0.200321 0.472767 0.0511992 0.238804 0.844791
0 0.948968 0.454996 0.05951 0.260494 0.829385
0 0.0760898 0.464349 0.0506967 0.247155 0.815041
0 0.255847 0.471562 0.0461253 0.233338 0.765505
26 0.794996 0.918004 0.0607033 0.163456 0.765027
0 0.55339 0.419809 0.0320328 0.179455 0.707636
0 0.979907 0.436056 0.0339651 0.259744 0.701824
26 0.632383 0.926995 0.103002 0.14601 0.669282
24 0.729339 0.482352 0.126527 0.217126 0.60877
0 0.920118 0.43203 0.0403982 0.232542 0.596026
0 0.0161009 0.427226 0.0319266 0.149663 0.543365
0 0.0315765 0.472872 0.0270578 0.230107 0.456849
0 0.0451004 0.439717 0.0308438 0.186869 0.447924
0 0.426868 0.517184 0.0343884 0.35223 0.333825
0 0.777004 0.369227 0.0298801 0.0958952 0.328863
