0 0.739511 0.593682 0.192227 0.793848 0.935373
0 0.594462 0.664828 0.115446 0.659623 0.898714
0 0.372222 0.516706 0.0810578 0.437906 0.894163
0 0.462704 0.522964 0.0860627 0.411688 0.871492
0 0.200946 0.471953 0.0510024 0.238039 0.832284
0 0.25901 0.471043 0.0475129 0.23644 0.820835
0 0.95554 0.454813 0.0591642 0.258752 0.809197
0 0.0762095 0.464189 0.0508911 0.247306 0.801694
26 0.808792 0.914665 0.0645451 0.169656 0.741269
0 0.920664 0.435258 0.0430611 0.230677 0.719329
0 0.983379 0.420913 0.0318245 0.23618 0.692363
26 0.65469 0.925588 0.0854418 0.147563 0.687604
24 0.742836 0.489082 0.129343 0.224812 0.656493
0 0.554435 0.420937 0.0326296 0.179938 0.554616
0 0.0303885 0.496522 0.0261859 0.182807 0.552036
0 0.429754 0.522097 0.0394197 0.347447 0.379489
0 0.022438 0.490929 0.0388857 0.193299 0.359623
0 0.0470626 0.439909 0.0284904 0.185402 0.286269
24 0.189102 0.435273 0.0285341 0.0866857 0.254286
