0 0.750327 0.590751 0.19677 0.796424 0.943336
0 0.592163 0.662435 0.117789 0.661698 0.916175
0 0.37231 0.516636 0.0787469 0.437639 0.894994
0 0.464565 0.521352 0.0877689 0.415199 0.874686
0 0.201861 0.472542 0.0508633 0.238504 0.838956
0 0.076164 0.46393 0.0512282 0.247852 0.814084
0 0.259456 0.471472 0.0487353 0.237029 0.813797
0 0.959394 0.454583 0.0561834 0.259031 0.802441
0 0.922122 0.436637 0.0447557 0.233572 0.76942
0 0.984428 0.423129 0.0298733 0.240023 0.66252
26 0.818475 0.911931 0.070414 0.174063 0.60466
0 0.030172 0.49755 0.0271599 0.179133 0.579479
24 0.749141 0.474132 0.129039 0.212737 0.563192
0 0.553965 0.416672 0.0308788 0.171716 0.51078
26 0.66381 0.924223 0.0929825 0.150541 0.465775
0 0.428883 0.521813 0.0434904 0.348674 0.396021
26 0.64061 0.611157 0.0286282 0.287066 0.339276
0 0.00536366 0.400069 0.0107273 0.0839449 0.298596
26 0.911123 0.404051 0.0230621 0.0897543 0.270022
0 0.0474977 0.439608 0.0275195 0.185689 0.262581
