0 0.383802 0.620467 0.151109 0.746132 0.927915
0 0.911899 0.661672 0.175479 0.661571 0.926343
0 0.13782 0.639781 0.187575 0.704562 0.910594
0 0.840756 0.4463 0.0561543 0.239093 0.851263
26 0.44452 0.777829 0.0531969 0.218212 0.838889
0 0.53344 0.436734 0.0448551 0.233919 0.782632
26 0.312164 0.757768 0.0618499 0.177477 0.775993
26 0.978158 0.735888 0.0427101 0.424674 0.76365
0 0.471806 0.429637 0.0279284 0.17943 0.761951
0 0.87635 0.415209 0.0359543 0.207425 0.741665
0 0.0397915 0.468904 0.040147 0.239673 0.69403
0 0.0715114 0.462701 0.051557 0.245029 0.672658
0 0.510304 0.423802 0.0225924 0.174836 0.646867
0 0.332103 0.440264 0.0515748 0.246342 0.642799
0 0.0171321 0.418207 0.0235222 0.137404 0.619006
0 0.212149 0.43078 0.0403675 0.135508 0.563074
26 0.232368 0.84266 0.0826134 0.1323 0.546774
0 0.693669 0.417271 0.0309606 0.21669 0.452431
0 0.558279 0.443575 0.0251728 0.206431 0.432098
26 0.210812 0.65164 0.141979 0.440685 0.385244
26 0.236636 0.778277 0.0892993 0.261886 0.322558
26 0.978975 0.808839 0.0410679 0.280405 0.309979
0 0.994513 0.405165 0.0101673 0.0872067 0.266701
0 0.442316 0.391389 0.0253365 0.0836985 0.250962
