0 0.763676 0.585935 0.203024 0.808169 0.930671
0 0.594084 0.661322 0.132414 0.66304 0.911616
0 0.371783 0.516772 0.079315 0.437433 0.895431
0 0.465386 0.52133 0.0924805 0.41385 0.875868
0 0.203752 0.473109 0.0499005 0.237918 0.834404
0 0.260114 0.472003 0.0482394 0.236384 0.821986
0 0.0759076 0.463077 0.0512273 0.249238 0.818305
0 0.966301 0.453199 0.0532108 0.260046 0.814015
0 0.921414 0.437749 0.0435047 0.234976 0.771709
26 0.673603 0.925506 0.08938 0.148988 0.705419
0 0.986139 0.418782 0.026664 0.232772 0.632075
0 0.0275217 0.497791 0.0315068 0.181939 0.604488
26 0.843982 0.905796 0.0502071 0.184822 0.588453
26 0.636734 0.606338 0.0310755 0.2988 0.547432
0 0.554761 0.401562 0.0262836 0.141566 0.443253
24 0.767653 0.448894 0.129381 0.177603 0.43655
0 0.429088 0.522097 0.0434633 0.352702 0.423034
0 0.00564283 0.406369 0.0112131 0.0993383 0.334067
26 0.922727 0.448751 0.0354523 0.0923836 0.330244
0 0.0477292 0.439529 0.0262063 0.186104 0.294911
24 0.746805 0.522701 0.169419 0.316151 0.29162
26 0.636609 0.648 0.0287945 0.208434 0.258278
