0 0.776868 0.582381 0.199441 0.814999 0.925781
0 0.591887 0.662803 0.138148 0.659864 0.905978
0 0.372593 0.51821 0.0787182 0.439554 0.893863
0 0.467054 0.522459 0.0915445 0.412241 0.883676
0 0.261057 0.472077 0.0477039 0.236847 0.839768
0 0.0754012 0.462674 0.0508246 0.250233 0.829495
0 0.204313 0.474407 0.0512141 0.235666 0.824081
0 0.967959 0.453429 0.0492956 0.258485 0.817649
0 0.91982 0.43833 0.0424412 0.235136 0.794481
0 0.987198 0.418604 0.0248043 0.232713 0.639673
0 0.0292825 0.484536 0.0276767 0.20665 0.598972
26 0.6381 0.604751 0.039226 0.294781 0.578862
26 0.856634 0.903858 0.0504196 0.188508 0.557406
26 0.698869 0.923415 0.123146 0.153169 0.544401
26 0.680686 0.922944 0.0865065 0.152178 0.399636
24 0.775055 0.467987 0.130859 0.228595 0.370306
24 0.673346 0.562319 0.021552 0.238958 0.369968
0 0.428591 0.52254 0.0452789 0.351253 0.365636
24 0.750766 0.518438 0.176516 0.325069 0.351605
0 0.0474481 0.438377 0.0246952 0.18327 0.313213
26 0.422056 0.519866 0.0244437 0.0727152 0.306198
26 0.909597 0.406547 0.024996 0.0854977 0.271283
0 0.554516 0.390273 0.0239157 0.116582 0.263526
