0 0.784644 0.575937 0.206195 0.828293 0.918633
0 0.586863 0.665 0.141946 0.657795 0.907362
0 0.372076 0.519662 0.076756 0.442583 0.900617
0 0.467607 0.525411 0.0951765 0.41902 0.876393
0 0.0753871 0.461928 0.0505433 0.251247 0.828585
0 0.261687 0.471906 0.0486732 0.237367 0.826527
0 0.918145 0.437738 0.0431868 0.23345 0.822019
0 0.971902 0.452189 0.0445913 0.264235 0.772864
0 0.206551 0.476629 0.0457509 0.2376 0.726842
0 0.0299548 0.498629 0.0256104 0.178477 0.68903
26 0.869802 0.907481 0.0466171 0.181587 0.485233
0 0.988403 0.405297 0.0222395 0.19909 0.483987
0 0.431164 0.523001 0.0453521 0.353756 0.370541
26 0.706259 0.924097 0.122627 0.151807 0.359711
26 0.635411 0.606679 0.0387098 0.29226 0.335554
26 0.422777 0.518407 0.0257839 0.0789732 0.318058
26 0.63173 0.656638 0.0294853 0.190841 0.298985
0 0.0257307 0.391918 0.0249072 0.0886458 0.295512
24 0.784079 0.460168 0.131586 0.220375 0.294038
0 0.142484 0.366734 0.0208717 0.0566349 0.292769
0 0.0472184 0.436891 0.0269554 0.18595 0.286504
24 0.681388 0.560241 0.0259654 0.236561 0.285916
26 0.909166 0.406596 0.0267859 0.0857086 0.269968
