0 0.797943 0.576835 0.206724 0.827748 0.931861
0 0.575304 0.667445 0.148059 0.653205 0.920037
0 0.373066 0.520612 0.0768731 0.438205 0.890043
0 0.471221 0.523942 0.0884531 0.417276 0.876278
0 0.0749204 0.460833 0.0517195 0.253197 0.813181
0 0.977207 0.454682 0.0431248 0.261553 0.791116
0 0.261669 0.473447 0.0473969 0.23503 0.789103
0 0.915148 0.438349 0.0422516 0.230198 0.753633
0 0.208438 0.477041 0.0443366 0.236587 0.739109
0 0.0305137 0.498581 0.0253611 0.178911 0.698583
26 0.704825 0.926309 0.0926754 0.147382 0.674809
0 0.602631 0.387509 0.024065 0.103874 0.6039
0 0.744209 0.340429 0.0379194 0.0838058 0.579143
26 0.886213 0.905732 0.0456474 0.184996 0.53584
0 0.953288 0.419756 0.0292969 0.199165 0.457821
24 0.797343 0.444986 0.132644 0.196863 0.455509
0 0.989733 0.406429 0.0197388 0.200892 0.412033
26 0.424024 0.515464 0.0238826 0.0777201 0.373031
26 0.627623 0.602783 0.0399591 0.299824 0.371643
24 0.772898 0.514364 0.182258 0.333916 0.354552
26 0.625254 0.658043 0.0306042 0.189402 0.336305
0 0.142857 0.366378 0.0211575 0.0563822 0.32134
0 0.433876 0.52174 0.0385458 0.356828 0.302708
0 0.00674648 0.407003 0.013493 0.0939068 0.275881
26 0.902777 0.418644 0.0243389 0.0812022 0.256682
