0 0.807871 0.576758 0.203716 0.828579 0.933542
0 0.569898 0.671304 0.147906 0.644238 0.911639
0 0.374318 0.522373 0.0774811 0.435256 0.888627
0 0.471225 0.525368 0.0879202 0.416455 0.869471
0 0.0747098 0.460719 0.0510426 0.253315 0.808449
0 0.262393 0.474638 0.047464 0.233069 0.780626
0 0.978446 0.454487 0.0409277 0.259511 0.77046
0 0.913505 0.437172 0.0377605 0.232005 0.748241
0 0.208025 0.476907 0.0480369 0.237001 0.739183
0 0.0312121 0.497614 0.0272267 0.180614 0.668384
26 0.712866 0.929088 0.0909986 0.141807 0.608836
0 0.602537 0.393723 0.0260183 0.11508 0.583843
0 0.953429 0.419013 0.0292219 0.20021 0.545361
26 0.89513 0.911768 0.0453506 0.172839 0.539675
0 0.745313 0.348395 0.0360147 0.0987147 0.498649
26 0.623167 0.608525 0.0322186 0.290543 0.437909
24 0.805185 0.459543 0.137327 0.221952 0.392704
26 0.426995 0.512875 0.0232111 0.0817285 0.353553
0 0.435288 0.515348 0.0369535 0.351289 0.331264
0 0.990492 0.424107 0.0185207 0.230825 0.316985
0 0.143275 0.36596 0.0212371 0.056828 0.312971
26 0.899344 0.421564 0.0228369 0.0612181 0.306999
24 0.789756 0.520341 0.168469 0.334825 0.27933
26 0.195418 0.443195 0.0295233 0.0872474 0.270261
0 0.00703764 0.407466 0.0140753 0.0947274 0.268774
26 0.901691 0.408093 0.0234001 0.0832194 0.259076
