0 0.81993 0.584111 0.205977 0.815278 0.924419
0 0.563995 0.672347 0.146184 0.644749 0.913334
0 0.375161 0.525866 0.0765422 0.435916 0.872844
0 0.471688 0.528021 0.0871401 0.414973 0.870325
0 0.0745235 0.461038 0.0509665 0.252989 0.811792
0 0.262602 0.476622 0.0472576 0.22993 0.799
0 0.979005 0.455423 0.0410187 0.260491 0.757176
0 0.209222 0.47692 0.0450455 0.237282 0.718851
0 0.911002 0.436276 0.0330467 0.233531 0.678233
0 0.02982 0.484368 0.0262674 0.207179 0.632621
0 0.602477 0.39913 0.0285441 0.131533 0.626848
0 0.746916 0.374667 0.0412907 0.144572 0.573672
26 0.90806 0.918763 0.0471508 0.159977 0.571497
24 0.821457 0.461388 0.131537 0.207239 0.482828
0 0.00477754 0.444351 0.0095169 0.165652 0.387782
26 0.722192 0.934902 0.0786493 0.128155 0.3851
26 0.614095 0.60729 0.0289312 0.297975 0.38501
0 0.952889 0.44159 0.0258724 0.158464 0.370465
26 0.715169 0.634286 0.0249844 0.126382 0.358928
0 0.143632 0.366391 0.0198469 0.0570962 0.347379
0 0.954534 0.420339 0.0314754 0.200239 0.341786
26 0.196209 0.443236 0.0304451 0.0891395 0.322738
26 0.427707 0.513047 0.0218933 0.0762351 0.273469
0 0.0472651 0.437549 0.0247498 0.185239 0.251956
