0 0.828447 0.586506 0.206563 0.811492 0.921711
0 0.563472 0.673001 0.139697 0.642896 0.911446
0 0.471624 0.529983 0.0871008 0.420332 0.872302
0 0.376903 0.527351 0.0779148 0.439555 0.868692
0 0.979274 0.455469 0.0404106 0.261097 0.800716
0 0.0738979 0.460631 0.0509737 0.253121 0.791948
0 0.263601 0.478197 0.047359 0.228278 0.791716
26 0.915915 0.923751 0.0498819 0.149769 0.725762
0 0.210011 0.476596 0.0460015 0.238649 0.688052
0 0.602938 0.403172 0.0292584 0.140515 0.660135
0 0.0297889 0.496671 0.0261073 0.182454 0.630356
0 0.911085 0.435621 0.0333454 0.227837 0.559542
26 0.73567 0.94199 0.0796235 0.1149 0.446457
0 0.954191 0.435667 0.0284737 0.167825 0.424305
26 0.612181 0.60945 0.0376709 0.28685 0.422677
24 0.831691 0.461586 0.13812 0.200108 0.419005
0 0.0049857 0.443811 0.00993373 0.166224 0.414723
0 0.701836 0.41718 0.0371431 0.215275 0.345047
26 0.72462 0.641257 0.0237276 0.126958 0.342573
0 0.746664 0.387814 0.0393393 0.169619 0.321669
26 0.759208 0.540037 0.0910147 0.334044 0.320118
26 0.196327 0.445061 0.0312586 0.0911951 0.317569
26 0.428424 0.50968 0.0229441 0.0810638 0.293654
0 0.143654 0.366338 0.0199557 0.0579927 0.28857
0 0.0474551 0.438626 0.0229443 0.186944 0.268896
