0 0.838126 0.587444 0.208549 0.806126 0.937045
0 0.559948 0.67439 0.134914 0.640472 0.907395
0 0.378146 0.52853 0.0805447 0.442927 0.875946
0 0.471961 0.530941 0.0860725 0.420955 0.850752
0 0.264376 0.478546 0.0471208 0.22742 0.802213
0 0.0735745 0.459991 0.0495928 0.254896 0.800398
0 0.979772 0.450407 0.0395561 0.268462 0.785462
0 0.603005 0.407404 0.0299341 0.148204 0.727064
0 0.214447 0.47634 0.0472727 0.240289 0.722262
0 0.0296269 0.495135 0.0263117 0.185436 0.668337
26 0.925582 0.926807 0.0493158 0.143537 0.646153
26 0.746797 0.943915 0.0751616 0.109983 0.475426
26 0.602311 0.658501 0.0272789 0.190295 0.434926
0 0.70519 0.41691 0.0425592 0.218675 0.428233
24 0.842279 0.46138 0.13615 0.166157 0.424457
26 0.606776 0.612696 0.0405128 0.283955 0.407449
0 0.954786 0.444952 0.0295517 0.149889 0.387347
0 0.00480339 0.444189 0.00958622 0.166142 0.356703
26 0.60176 0.612995 0.0276474 0.285872 0.353956
0 0.75098 0.423976 0.0454401 0.24133 0.340258
26 0.196625 0.456035 0.0311808 0.120588 0.337435
0 0.143939 0.366469 0.020069 0.0582434 0.325462
26 0.735549 0.648539 0.0239965 0.127575 0.303004
26 0.429901 0.511092 0.0190315 0.0753363 0.274705
0 0.908809 0.41129 0.0333412 0.182932 0.254681
