0 0.855412 0.591353 0.207512 0.796556 0.933612
0 0.553913 0.673238 0.131543 0.641424 0.902382
0 0.380773 0.527163 0.0811014 0.44587 0.877053
0 0.472024 0.527534 0.0854578 0.413341 0.852287
0 0.264895 0.476898 0.0448998 0.231493 0.809202
0 0.0728512 0.45981 0.0500888 0.254931 0.791282
0 0.980723 0.452604 0.0378056 0.255643 0.790903
0 0.214474 0.475602 0.0501212 0.241667 0.730552
0 0.603383 0.41789 0.0318012 0.173464 0.72977
0 0.705807 0.419292 0.0476353 0.217868 0.688438
0 0.754032 0.416402 0.0482792 0.226786 0.635485
0 0.0298174 0.481425 0.0268253 0.212885 0.612802
26 0.940546 0.934881 0.0408707 0.12899 0.581874
26 0.597711 0.609849 0.0365043 0.280167 0.554078
26 0.76091 0.9519 0.0669849 0.0956489 0.452274
0 0.00481145 0.442997 0.0096229 0.16697 0.409133
0 0.568446 0.38192 0.0331945 0.134664 0.386768
26 0.197635 0.438223 0.0314069 0.0905078 0.36878
0 0.956785 0.444497 0.03258 0.152775 0.334605
0 0.0475501 0.439502 0.0229538 0.188581 0.315285
0 0.144333 0.365926 0.0213241 0.0577781 0.309794
24 0.856536 0.48097 0.147288 0.19517 0.284436
26 0.787635 0.55753 0.0934996 0.330495 0.284076
26 0.592525 0.60366 0.0309059 0.297734 0.265986
26 0.427689 0.513182 0.0260433 0.0751985 0.250259
