0 0.865671 0.588477 0.213147 0.801666 0.924487
0 0.549705 0.671463 0.131417 0.644103 0.905298
0 0.38201 0.525132 0.0786491 0.449538 0.880605
0 0.471202 0.531222 0.0829483 0.42021 0.873933
0 0.0720036 0.459615 0.05267 0.254961 0.821185
0 0.265633 0.47546 0.0450211 0.233702 0.811556
0 0.756053 0.419345 0.0510635 0.228661 0.769193
0 0.214091 0.4751 0.0493249 0.241761 0.729613
0 0.981258 0.454722 0.0366167 0.25712 0.716135
0 0.706767 0.41827 0.0491797 0.21694 0.713156
0 0.603494 0.4222 0.0318784 0.181702 0.678365
0 0.0300875 0.472573 0.0273963 0.230595 0.597441
26 0.593401 0.608311 0.0381031 0.281553 0.555059
0 0.00504223 0.443368 0.00988921 0.163626 0.502518
26 0.771094 0.947744 0.0651297 0.104513 0.404718
24 0.873131 0.469545 0.138211 0.177731 0.340576
0 0.144772 0.365831 0.021019 0.0569244 0.336569
24 0.849752 0.551655 0.186992 0.348293 0.316415
0 0.0475856 0.440125 0.0228285 0.190741 0.306886
26 0.95211 0.940382 0.0415266 0.117472 0.298926
26 0.198071 0.438631 0.0298961 0.0872869 0.256239
