0 0.911042 0.661524 0.177297 0.663124 0.928618
0 0.385503 0.619669 0.151737 0.751417 0.927043
0 0.133357 0.638934 0.19054 0.705466 0.920159
0 0.841577 0.449021 0.0579273 0.233478 0.83443
0 0.535197 0.437402 0.0425584 0.231861 0.821417
26 0.314489 0.754864 0.0630758 0.179903 0.787497
26 0.447193 0.77696 0.0530102 0.217798 0.775043
0 0.471867 0.429447 0.027853 0.181016 0.764576
0 0.875705 0.410856 0.0335819 0.200479 0.733199
0 0.0392695 0.467287 0.0395738 0.242016 0.716419
0 0.0170197 0.418714 0.0242854 0.13748 0.67358
26 0.976451 0.728588 0.0464077 0.428597 0.67119
0 0.332383 0.44222 0.0504478 0.251245 0.66194
0 0.511677 0.423179 0.0231718 0.175344 0.652511
0 0.212176 0.443628 0.0420325 0.166071 0.593921
26 0.22981 0.844345 0.0841239 0.133253 0.593274
0 0.0715059 0.458136 0.0520235 0.236605 0.568667
0 0.559226 0.444533 0.0230624 0.202039 0.55905
0 0.166765 0.398616 0.0298102 0.075745 0.467695
26 0.977772 0.805525 0.0436245 0.275796 0.418172
26 0.233287 0.780692 0.0893761 0.261104 0.41045
0 0.693084 0.417733 0.0331192 0.217111 0.353758
26 0.204497 0.659663 0.147251 0.455837 0.277229
