0 0.884982 0.584941 0.220315 0.809144 0.938545
0 0.5422 0.672522 0.130393 0.642542 0.910464
0 0.383895 0.523595 0.0790966 0.450548 0.89289
0 0.469451 0.533729 0.0798496 0.42489 0.852395
0 0.0717113 0.458936 0.0534141 0.255808 0.83054
0 0.2664 0.473654 0.0445596 0.23781 0.799168
0 0.758474 0.421284 0.0504523 0.234761 0.780654
0 0.213812 0.474766 0.0436337 0.241792 0.738522
0 0.707006 0.419574 0.0478037 0.21376 0.708228
0 0.604298 0.424781 0.0326838 0.181413 0.629688
0 0.0287586 0.493323 0.028331 0.188922 0.54393
0 0.00471214 0.443567 0.00942427 0.163096 0.468493
0 0.985654 0.447982 0.0280262 0.242536 0.442723
26 0.973975 0.93904 0.0377495 0.120218 0.430985
0 0.145101 0.365996 0.0212705 0.0572489 0.42515
24 0.887726 0.460593 0.141643 0.163537 0.412384
26 0.585972 0.602808 0.0395266 0.289691 0.338046
0 0.573028 0.391309 0.0236322 0.131453 0.320994
0 0.987426 0.421149 0.0243336 0.188654 0.318436
26 0.199009 0.436512 0.0292197 0.0874837 0.302503
24 0.865044 0.552347 0.191395 0.346322 0.301167
26 0.435086 0.480533 0.0280027 0.143755 0.286956
24 0.887385 0.50839 0.145273 0.263444 0.262565
0 0.338463 0.38774 0.0280125 0.107335 0.254914
26 0.581449 0.657988 0.0295685 0.177927 0.250769
