0 0.893933 0.582338 0.211621 0.808578 0.939413
0 0.537836 0.669587 0.131934 0.647634 0.911388
0 0.385494 0.523226 0.080378 0.452134 0.893261
0 0.469098 0.53331 0.0770584 0.427143 0.872797
0 0.0714597 0.458615 0.0537004 0.256313 0.839682
0 0.266615 0.472952 0.0443513 0.238918 0.814424
0 0.760396 0.421609 0.0502609 0.237849 0.789876
0 0.212438 0.474673 0.0484497 0.241938 0.76182
0 0.708288 0.419596 0.050395 0.218699 0.706296
0 0.604463 0.426813 0.0326303 0.181667 0.634636
0 0.0288109 0.497487 0.0279061 0.180337 0.613316
24 0.879783 0.546631 0.198262 0.349293 0.425271
0 0.14533 0.365937 0.0214514 0.0581106 0.423319
0 0.0047904 0.443557 0.00958079 0.16218 0.420275
0 0.572107 0.394459 0.0254326 0.134331 0.404499
0 0.989519 0.417127 0.020575 0.182514 0.39489
24 0.905234 0.484107 0.145232 0.226279 0.311139
0 0.0444274 0.404621 0.0263738 0.120361 0.298282
26 0.431938 0.520438 0.0219401 0.0675148 0.286997
26 0.578388 0.602759 0.0324079 0.297642 0.284822
26 0.576903 0.654649 0.0300255 0.178086 0.256975
0 0.0213199 0.390802 0.0231423 0.0866001 0.251528
