0 0.898446 0.573523 0.203007 0.824216 0.927383
0 0.536549 0.66705 0.131986 0.650587 0.906684
0 0.386366 0.522899 0.0824305 0.454167 0.893284
0 0.468084 0.533278 0.0784434 0.428165 0.864833
0 0.762629 0.419532 0.0509914 0.242756 0.83721
0 0.0715582 0.458287 0.053156 0.256567 0.83305
0 0.267078 0.472501 0.0447083 0.239673 0.824204
0 0.212622 0.474579 0.0461194 0.242883 0.793614
0 0.708984 0.420922 0.051305 0.215723 0.746639
0 0.0289333 0.498121 0.0276995 0.178977 0.659004
0 0.604374 0.426165 0.0333389 0.182915 0.653053
0 0.571025 0.393929 0.0273465 0.133169 0.502788
24 0.888744 0.541902 0.19971 0.35725 0.422991
0 0.145216 0.365946 0.0210407 0.0584835 0.398464
24 0.915956 0.503451 0.148275 0.283872 0.326725
0 0.00494856 0.443834 0.00989712 0.161318 0.314444
0 0.0447561 0.403559 0.0268738 0.115373 0.291859
26 0.572377 0.652717 0.0306753 0.174595 0.28385
0 0.0211134 0.39708 0.0227204 0.0992942 0.282266
0 0.734528 0.416713 0.023254 0.180823 0.278787
26 0.437572 0.483428 0.0325653 0.1498 0.255791
