0 0.904987 0.570127 0.189373 0.834091 0.90907
0 0.530253 0.665243 0.128785 0.653969 0.892005
0 0.387872 0.521934 0.0854415 0.453049 0.891052
0 0.468431 0.532041 0.0746063 0.429025 0.855335
0 0.765428 0.419404 0.0506124 0.243847 0.826947
0 0.26785 0.473599 0.0448575 0.237913 0.823257
0 0.0716222 0.458494 0.0530581 0.25616 0.815357
0 0.214228 0.47695 0.0475111 0.241054 0.780694
0 0.711935 0.417927 0.0526257 0.21883 0.775669
0 0.605515 0.42619 0.0327633 0.177488 0.685159
0 0.0287193 0.498224 0.0278061 0.178537 0.63669
26 0.565903 0.594864 0.0322048 0.279974 0.618989
0 0.569756 0.396252 0.0298431 0.136994 0.545378
24 0.928537 0.465767 0.142925 0.226179 0.525671
0 0.0051466 0.443288 0.0100502 0.159093 0.457092
26 0.438308 0.490446 0.0370768 0.144333 0.356508
0 0.145244 0.365951 0.0203044 0.0580863 0.344591
26 0.201209 0.43981 0.0283576 0.0913023 0.336842
26 0.434102 0.520794 0.0269971 0.0830652 0.287893
24 0.903514 0.53306 0.192973 0.359885 0.272039
0 0.734906 0.417957 0.0207266 0.171083 0.26662
0 0.336319 0.388408 0.0293292 0.105569 0.253452
