0 0.910177 0.565865 0.178777 0.841757 0.915855
0 0.388615 0.522601 0.0878503 0.454496 0.903368
0 0.526396 0.665768 0.128557 0.652509 0.875754
0 0.46669 0.531527 0.0709642 0.4284 0.861304
0 0.767071 0.419536 0.0519091 0.243981 0.850634
0 0.268217 0.474364 0.0454988 0.23841 0.836147
0 0.0712531 0.458447 0.0531983 0.255851 0.812103
0 0.213876 0.477414 0.049202 0.241947 0.807999
0 0.712425 0.42186 0.0554024 0.225829 0.774134
0 0.605415 0.425599 0.032832 0.175846 0.715156
0 0.0284079 0.496287 0.0283697 0.182153 0.63317
0 0.568841 0.40014 0.031465 0.143934 0.579536
0 0.00498086 0.443443 0.00969896 0.158134 0.532539
26 0.566405 0.589592 0.0397618 0.282343 0.532261
26 0.836003 0.945645 0.0834492 0.108149 0.472325
24 0.935627 0.463526 0.128052 0.23506 0.439075
26 0.200847 0.441104 0.02803 0.0933905 0.4245
0 0.145256 0.365748 0.0204144 0.0582065 0.401802
0 0.551558 0.375279 0.0252968 0.11924 0.334871
26 0.434295 0.518987 0.0268559 0.0850271 0.312453
0 0.0497117 0.437742 0.0236244 0.186797 0.256899
0 0.0211378 0.39443 0.021471 0.094961 0.252812
