0 0.918936 0.564287 0.161251 0.846604 0.922506
0 0.389614 0.526031 0.0906702 0.46081 0.900642
0 0.520472 0.666481 0.128416 0.652655 0.885965
0 0.465109 0.530058 0.0677891 0.432665 0.862497
0 0.269049 0.474272 0.0452092 0.240897 0.84202
0 0.76803 0.41906 0.0557026 0.245342 0.840369
0 0.214138 0.47858 0.0495972 0.242997 0.820428
0 0.0715197 0.458161 0.0530605 0.256177 0.816809
0 0.717334 0.418438 0.0538912 0.222565 0.799702
0 0.605362 0.425948 0.0333357 0.175485 0.746043
0 0.568018 0.412606 0.0332042 0.169515 0.682288
0 0.0282344 0.495303 0.0286069 0.184357 0.643308
26 0.850814 0.945456 0.0794649 0.108497 0.580121
0 0.00510042 0.443455 0.00997208 0.158586 0.552041
0 0.145666 0.365984 0.0200356 0.0576436 0.450949
26 0.558858 0.586206 0.0324074 0.292186 0.424888
24 0.940176 0.460944 0.118944 0.24386 0.338727
0 0.885001 0.362405 0.0305023 0.0674788 0.328338
26 0.880903 0.524221 0.098518 0.354255 0.325495
26 0.436606 0.519458 0.0214579 0.0840395 0.319363
0 0.548372 0.378365 0.0237175 0.125346 0.302709
24 0.881285 0.524516 0.0991146 0.353323 0.271673
0 0.0497278 0.437222 0.0240953 0.187118 0.264996
26 0.557434 0.640106 0.0300386 0.179327 0.254192
