0 0.922572 0.563567 0.153638 0.84454 0.915285
0 0.391935 0.529148 0.0952901 0.463442 0.900845
0 0.517272 0.667613 0.13054 0.650752 0.879027
0 0.463876 0.532841 0.0620015 0.428566 0.852105
0 0.769874 0.419697 0.0551628 0.246982 0.849516
0 0.26951 0.475 0.0459942 0.238854 0.832002
0 0.215208 0.4771 0.0488888 0.24283 0.821003
0 0.0715172 0.458036 0.0530786 0.256099 0.820851
0 0.719324 0.41682 0.0530869 0.221466 0.802958
0 0.605275 0.426416 0.0331375 0.176355 0.778261
0 0.566218 0.417691 0.0365625 0.180132 0.659549
0 0.0283481 0.496477 0.0282759 0.181992 0.657053
26 0.892462 0.527071 0.103308 0.353799 0.613209
0 0.00509911 0.443019 0.00995047 0.159073 0.503725
26 0.861853 0.949995 0.0761568 0.10001 0.483783
0 0.145812 0.365944 0.0200742 0.0578785 0.399152
24 0.891874 0.525101 0.103033 0.357066 0.380747
0 0.548233 0.37789 0.0260515 0.126613 0.364668
26 0.554046 0.636353 0.0294166 0.189126 0.337828
26 0.555251 0.593359 0.0303936 0.281469 0.295638
26 0.560126 0.592594 0.0434494 0.273741 0.254415
58 0.195261 0.505088 0.0248842 0.0598618 0.252846
