0 0.392318 0.529343 0.0953028 0.463043 0.902363
0 0.928352 0.565578 0.142151 0.842282 0.898471
0 0.512497 0.669457 0.131497 0.649891 0.883408
0 0.771299 0.419967 0.0558653 0.246354 0.853159
0 0.270035 0.475254 0.0462743 0.238576 0.838196
0 0.0722638 0.457872 0.0540909 0.256116 0.821859
0 0.215962 0.477174 0.0482833 0.24229 0.819575
0 0.461887 0.531355 0.056459 0.431131 0.79035
0 0.724025 0.417444 0.0450871 0.223176 0.750664
0 0.605534 0.426386 0.0335606 0.177352 0.726558
0 0.0285799 0.497728 0.0278973 0.179352 0.668667
0 0.565995 0.421875 0.0372391 0.189123 0.641416
0 0.00516655 0.440669 0.0100944 0.163672 0.486775
26 0.874159 0.955484 0.0717884 0.0890318 0.395714
0 0.545136 0.383632 0.0313219 0.139728 0.394056
0 0.145978 0.366068 0.0201014 0.0577503 0.382862
0 0.885088 0.385065 0.0330097 0.114352 0.3439
24 0.902871 0.533819 0.103636 0.35607 0.311066
26 0.55026 0.639074 0.0296608 0.182746 0.292623
26 0.902723 0.532582 0.103183 0.356443 0.280155
26 0.551959 0.59191 0.0309675 0.284265 0.270837
24 0.953245 0.472057 0.093511 0.238578 0.2609
0 0.33157 0.399617 0.0240931 0.126226 0.251451
