0 0.392865 0.531406 0.096709 0.461758 0.895922
0 0.936175 0.571808 0.126693 0.826422 0.894121
0 0.506869 0.666234 0.127309 0.636705 0.894066
0 0.773815 0.420777 0.0562177 0.24245 0.84971
0 0.0729657 0.457931 0.054217 0.256026 0.827757
0 0.271238 0.476735 0.0456642 0.237436 0.827264
0 0.216545 0.477121 0.0479803 0.243852 0.802857
0 0.605939 0.426846 0.0333767 0.177884 0.747451
0 0.729165 0.418232 0.046529 0.227506 0.741741
0 0.460176 0.519009 0.0515665 0.391439 0.681416
0 0.571107 0.423137 0.0292547 0.189771 0.593288
26 0.919626 0.545818 0.108774 0.358751 0.583636
0 0.0289584 0.473005 0.0278075 0.228539 0.536833
0 0.00541111 0.439805 0.0105886 0.165674 0.526941
0 0.88341 0.417336 0.0345947 0.176992 0.473291
0 0.544815 0.388669 0.029544 0.150094 0.423306
26 0.549386 0.595847 0.0351647 0.281908 0.422708
0 0.325358 0.401529 0.0332557 0.135454 0.403188
0 0.145984 0.365993 0.0201176 0.057697 0.398889
24 0.919839 0.545575 0.108856 0.357346 0.398841
24 0.555974 0.384347 0.0229284 0.0754294 0.383969
0 0.91404 0.371633 0.0302082 0.115523 0.302504
26 0.202788 0.442527 0.0294837 0.0902754 0.268474
26 0.414272 0.456539 0.0489809 0.159186 0.260361
26 0.544836 0.604303 0.0295772 0.259068 0.251367
