0 0.394663 0.53484 0.0974237 0.460632 0.894321
0 0.941631 0.578776 0.115872 0.814211 0.892017
0 0.503894 0.671957 0.128398 0.641594 0.886963
0 0.774593 0.420891 0.0587267 0.241052 0.842678
0 0.0727199 0.459318 0.0548187 0.252816 0.818188
0 0.272056 0.477555 0.0459455 0.238806 0.814731
0 0.216726 0.47692 0.0474484 0.244551 0.789991
0 0.729731 0.416163 0.042153 0.220515 0.76319
0 0.606864 0.425586 0.0336594 0.181091 0.65605
0 0.571196 0.423356 0.0296572 0.191849 0.596769
26 0.544585 0.599422 0.0337925 0.271429 0.592231
0 0.881214 0.442423 0.033976 0.219823 0.585307
0 0.00572349 0.439068 0.0112202 0.168006 0.565029
26 0.931452 0.553833 0.114846 0.361606 0.552997
0 0.029224 0.485422 0.0274589 0.203525 0.523367
24 0.932319 0.553308 0.113371 0.360568 0.473468
0 0.324704 0.40016 0.0327931 0.134479 0.413645
0 0.145914 0.36584 0.0198764 0.0574688 0.372451
24 0.556953 0.386626 0.0252766 0.0751534 0.360711
0 0.460398 0.516782 0.0523508 0.394614 0.344023
0 0.459598 0.437757 0.052359 0.235617 0.317857
0 0.914715 0.361528 0.0321024 0.0952559 0.307434
26 0.203891 0.442321 0.0293653 0.0903925 0.298983
0 0.545633 0.38863 0.0326964 0.148404 0.294493
0 0.0471274 0.437798 0.0248995 0.189231 0.266776
