0 0.909984 0.659326 0.179453 0.666381 0.931068
0 0.386949 0.619542 0.15354 0.75604 0.922622
0 0.129331 0.638563 0.19449 0.706798 0.915304
0 0.841211 0.449219 0.0574495 0.232488 0.838529
26 0.316963 0.755696 0.062725 0.1783 0.794582
0 0.537926 0.436432 0.0453787 0.234849 0.786919
0 0.471447 0.428636 0.0276204 0.181146 0.767381
26 0.449657 0.778937 0.0528006 0.21607 0.762601
26 0.974725 0.72229 0.0499914 0.428205 0.736439
0 0.512529 0.422497 0.0242738 0.175153 0.720078
0 0.874722 0.404205 0.0310421 0.185873 0.718911
0 0.212368 0.453702 0.0419808 0.190368 0.707428
0 0.33187 0.451635 0.0499844 0.271893 0.689968
0 0.0171999 0.417644 0.0243296 0.134723 0.624008
0 0.0381163 0.467992 0.0378077 0.240105 0.60882
26 0.231073 0.776884 0.0884775 0.261751 0.57363
0 0.560741 0.443632 0.0244482 0.200159 0.499062
0 0.166501 0.397148 0.0323449 0.0763031 0.438905
0 0.0698286 0.445137 0.0520737 0.207916 0.43105
26 0.218403 0.668203 0.11511 0.472226 0.417464
26 0.975213 0.802595 0.0488461 0.274468 0.374527
26 0.2296 0.83999 0.0832201 0.135557 0.355722
0 0.688104 0.417147 0.043992 0.218763 0.343769
