0 0.394813 0.535639 0.097389 0.460285 0.905125
0 0.500954 0.673436 0.128206 0.636606 0.884677
0 0.950492 0.658236 0.0981174 0.657231 0.869109
0 0.775863 0.421139 0.0609283 0.240926 0.834732
0 0.0723395 0.457867 0.0559982 0.255108 0.823368
0 0.217012 0.476498 0.0481812 0.245966 0.812647
0 0.273364 0.472143 0.0487148 0.248983 0.797822
0 0.730663 0.416528 0.0431515 0.225001 0.765028
0 0.880469 0.439408 0.0338924 0.217668 0.69868
0 0.606688 0.425617 0.0342377 0.183581 0.666611
0 0.57197 0.422084 0.0291608 0.19134 0.6394
0 0.0287095 0.494129 0.0280442 0.185265 0.603063
0 0.00597007 0.439357 0.0117714 0.168918 0.571817
26 0.539696 0.602409 0.0396177 0.268518 0.563929
0 0.462135 0.411721 0.0524858 0.186091 0.528981
24 0.944866 0.60091 0.10983 0.301705 0.480898
0 0.916482 0.415512 0.0395243 0.204752 0.465657
26 0.205279 0.441557 0.0288556 0.0913963 0.447406
0 0.324171 0.399253 0.0314274 0.133005 0.362341
24 0.551256 0.385069 0.0202211 0.0833009 0.35894
0 0.145902 0.366206 0.0200953 0.05742 0.333571
0 0.542066 0.401872 0.035977 0.176816 0.309169
0 0.0507671 0.435314 0.0241847 0.184861 0.256041
