0 0.394102 0.534658 0.0953719 0.458584 0.901266
0 0.496538 0.675062 0.12382 0.640738 0.892946
0 0.956473 0.659907 0.0861858 0.656311 0.865182
0 0.21753 0.475445 0.0491555 0.247875 0.833818
0 0.775934 0.42184 0.0597067 0.239166 0.830973
0 0.0720123 0.457775 0.0570557 0.254577 0.818397
0 0.274391 0.472602 0.0495075 0.250949 0.807177
0 0.731755 0.416764 0.0405305 0.227488 0.707637
0 0.878545 0.44061 0.0355408 0.218676 0.662814
0 0.572462 0.420864 0.0292072 0.192454 0.648113
0 0.0290631 0.495618 0.0286283 0.181885 0.644005
0 0.606892 0.425156 0.0339369 0.185268 0.63969
0 0.00585544 0.438059 0.0115592 0.171146 0.557578
24 0.550786 0.384464 0.0210081 0.0825763 0.490349
0 0.462735 0.415475 0.0494422 0.1868 0.465644
0 0.32246 0.398402 0.0328656 0.132494 0.431734
0 0.915995 0.412574 0.0392181 0.197419 0.388281
0 0.540648 0.417776 0.0390634 0.204663 0.357412
26 0.535551 0.596072 0.0372406 0.288649 0.336717
0 0.145679 0.365923 0.019868 0.0575797 0.333772
26 0.205618 0.440721 0.0287322 0.0906707 0.32898
0 0.421052 0.538474 0.0437069 0.374715 0.310401
0 0.708142 0.417745 0.0226251 0.19238 0.305792
