0 0.393313 0.534393 0.0956963 0.461365 0.904751
0 0.493491 0.674884 0.123891 0.642463 0.899725
0 0.966452 0.661018 0.0662607 0.658856 0.839312
0 0.77596 0.421423 0.0602915 0.239562 0.831499
0 0.217866 0.475075 0.0496119 0.248564 0.826096
0 0.275202 0.469768 0.0499308 0.257245 0.818033
0 0.0719384 0.457412 0.0568732 0.254525 0.800872
0 0.733053 0.415396 0.041538 0.224484 0.697142
0 0.572381 0.421497 0.0293296 0.189473 0.648903
0 0.606911 0.424707 0.0332836 0.186501 0.633356
0 0.876122 0.441121 0.0376503 0.217578 0.626033
0 0.0285817 0.494999 0.0285791 0.183669 0.569271
0 0.00551846 0.437727 0.0107651 0.172536 0.516979
24 0.54949 0.385051 0.0203732 0.0828456 0.500618
0 0.540341 0.42036 0.0372825 0.203948 0.42478
0 0.320075 0.398608 0.0341814 0.133476 0.416492
0 0.462004 0.41916 0.0453287 0.186729 0.404648
0 0.706312 0.42184 0.025705 0.200178 0.40409
26 0.527865 0.6003 0.0295804 0.265264 0.384936
26 0.205501 0.438892 0.0284762 0.0900107 0.33491
26 0.527181 0.639107 0.0294649 0.184085 0.313873
24 0.932984 0.62268 0.0345272 0.278962 0.308729
0 0.14516 0.365592 0.0185156 0.0577508 0.281029
26 0.532753 0.599929 0.042598 0.262745 0.255112
