0 0.489849 0.671786 0.122871 0.644174 0.886976
0 0.392986 0.532435 0.0957596 0.463797 0.873408
0 0.777184 0.422757 0.061936 0.240731 0.83694
0 0.277043 0.469648 0.0489915 0.256546 0.816632
0 0.218351 0.475574 0.0502366 0.249219 0.784548
0 0.0712354 0.457552 0.057537 0.253206 0.773967
0 0.735916 0.417795 0.0403709 0.224997 0.736269
0 0.872161 0.439885 0.0448833 0.220323 0.726315
0 0.977234 0.698135 0.0447117 0.58508 0.719358
0 0.571584 0.41976 0.0314917 0.190399 0.681948
0 0.0286762 0.496686 0.0288043 0.179813 0.592603
0 0.60702 0.424918 0.0331219 0.187832 0.563163
0 0.0070764 0.437071 0.0140127 0.17536 0.542539
0 0.537004 0.421045 0.0421072 0.207422 0.490901
0 0.705179 0.422744 0.0287024 0.200147 0.475209
26 0.522245 0.643259 0.0300991 0.167811 0.405059
0 0.319338 0.39894 0.0342786 0.134241 0.398882
24 0.547664 0.38558 0.0194089 0.0823658 0.354971
26 0.205931 0.438842 0.0301112 0.0903531 0.313514
26 0.523538 0.59527 0.033082 0.271899 0.279905
0 0.914143 0.414133 0.0323589 0.198975 0.270095
0 0.466006 0.407197 0.0477243 0.162959 0.268586
