0 0.487275 0.666666 0.121279 0.634593 0.893048
0 0.392631 0.531791 0.0950574 0.465809 0.87152
0 0.779713 0.422025 0.0598358 0.241977 0.829915
0 0.277216 0.469705 0.0485858 0.256496 0.818975
0 0.0710568 0.457059 0.0569946 0.253252 0.786257
0 0.219614 0.475634 0.0516252 0.249605 0.780532
0 0.739103 0.420783 0.0420322 0.227107 0.741393
0 0.571576 0.419681 0.0318171 0.191309 0.679788
0 0.869832 0.439799 0.0444015 0.218771 0.664492
0 0.0290431 0.496355 0.0291154 0.179168 0.611523
0 0.607363 0.424833 0.0327966 0.187626 0.576278
0 0.983404 0.706493 0.0323763 0.565307 0.566212
0 0.00781064 0.437244 0.0154595 0.176292 0.561375
0 0.706044 0.422412 0.0310448 0.198117 0.510269
0 0.982251 0.404288 0.0346859 0.147846 0.414046
0 0.535678 0.421236 0.0391247 0.208661 0.387285
0 0.318385 0.398735 0.0330734 0.131758 0.353005
26 0.524228 0.592057 0.0393719 0.274211 0.320408
24 0.546395 0.384528 0.0200951 0.0788347 0.303787
0 0.9125 0.415663 0.0300484 0.199873 0.294325
26 0.519483 0.639042 0.0282181 0.169245 0.287841
