0 0.485773 0.660474 0.121192 0.62531 0.880219
0 0.393458 0.531753 0.0901209 0.469388 0.854656
0 0.781697 0.421834 0.0592462 0.243247 0.821502
0 0.277663 0.469675 0.04759 0.256879 0.808068
0 0.0707968 0.456841 0.056729 0.253507 0.800134
0 0.219661 0.476493 0.0498747 0.249615 0.751601
0 0.740518 0.422445 0.0404846 0.230565 0.700168
0 0.571588 0.421747 0.0319237 0.195769 0.685135
0 0.867993 0.440326 0.0472219 0.218626 0.667152
0 0.0294111 0.496319 0.0298505 0.178785 0.65452
0 0.703391 0.423211 0.0368603 0.198794 0.640803
0 0.607627 0.424433 0.0331152 0.188112 0.581717
0 0.00942657 0.436949 0.0187463 0.17815 0.555677
0 0.979116 0.664649 0.0408722 0.662739 0.459581
26 0.517124 0.587918 0.0281466 0.264667 0.445095
26 0.379631 0.477985 0.0486754 0.178883 0.425
0 0.912712 0.414075 0.0296265 0.2023 0.398345
0 0.317353 0.398527 0.0328331 0.1304 0.290076
0 0.983578 0.702426 0.0320061 0.58635 0.265805
24 0.545092 0.384027 0.0206512 0.077839 0.257378
26 0.522971 0.586801 0.0424629 0.266531 0.250486
