0 0.393965 0.530868 0.0857381 0.468166 0.876189
0 0.480654 0.658243 0.120986 0.630006 0.86711
0 0.785241 0.422155 0.0552774 0.240246 0.826669
0 0.277882 0.469604 0.0468638 0.257894 0.810361
0 0.0690155 0.457114 0.0557449 0.253321 0.80486
0 0.220801 0.478442 0.050676 0.249538 0.76655
0 0.741973 0.422025 0.0402571 0.228357 0.731914
0 0.865725 0.440403 0.0474558 0.218413 0.726103
0 0.0291545 0.498865 0.0348548 0.176086 0.669279
0 0.978667 0.469147 0.0417271 0.282464 0.661931
0 0.571875 0.4189 0.031283 0.187207 0.635944
0 0.703445 0.422917 0.0367693 0.198836 0.601885
26 0.955732 0.463434 0.0224403 0.0825154 0.554502
0 0.608506 0.426995 0.0339701 0.186354 0.532517
0 0.0096525 0.435957 0.0192299 0.178753 0.483907
26 0.515036 0.587136 0.0262829 0.261076 0.395111
26 0.209511 0.437815 0.031769 0.0911506 0.294528
0 0.914131 0.412515 0.0317862 0.198979 0.266879
0 0.315282 0.398739 0.0335429 0.129009 0.263794
