0 0.392451 0.529718 0.0855868 0.468653 0.884694
0 0.478279 0.65817 0.121314 0.630141 0.870436
0 0.786164 0.421782 0.0545638 0.239351 0.832276
0 0.0703928 0.456782 0.0578156 0.253778 0.823611
0 0.278094 0.46965 0.0463796 0.259571 0.817584
0 0.975505 0.467338 0.0475876 0.277739 0.784492
0 0.222384 0.480348 0.0512911 0.248105 0.769655
0 0.864376 0.439936 0.0485168 0.219891 0.754779
0 0.743547 0.422166 0.0388727 0.229414 0.702258
0 0.0305953 0.498228 0.0326605 0.174628 0.637446
0 0.703258 0.423001 0.0311541 0.199794 0.623902
0 0.572491 0.418874 0.0306566 0.185984 0.564559
0 0.609148 0.427371 0.0363802 0.186004 0.496536
0 0.00695123 0.435798 0.0139025 0.183058 0.451462
26 0.954039 0.461896 0.0230984 0.0864993 0.445307
0 0.507711 0.420918 0.0599203 0.199239 0.420748
26 0.210453 0.441258 0.0313503 0.0922404 0.313956
26 0.513614 0.583087 0.0258535 0.266729 0.275365
0 0.915362 0.415158 0.0343979 0.201505 0.26992
0 0.314458 0.399198 0.0316328 0.128142 0.262246
0 0.0349443 0.403837 0.0245619 0.118068 0.258201
