0 0.47614 0.657545 0.126488 0.628047 0.879222
0 0.393721 0.52902 0.0810046 0.470378 0.867176
0 0.0712837 0.456558 0.0566583 0.252733 0.845077
0 0.788194 0.421553 0.0524717 0.239249 0.830541
0 0.967588 0.469211 0.0528275 0.274424 0.826614
0 0.279395 0.470291 0.0490897 0.260606 0.79934
0 0.223923 0.480524 0.0534222 0.245347 0.790709
0 0.862819 0.438134 0.0477394 0.221123 0.689318
0 0.745259 0.420546 0.0391068 0.226345 0.676161
0 0.0307231 0.496078 0.0370209 0.178395 0.663971
0 0.572833 0.420098 0.0306881 0.189544 0.53333
0 0.509997 0.419668 0.0624927 0.195787 0.528799
0 0.609922 0.427837 0.0376972 0.18464 0.509462
0 0.700205 0.423393 0.0341277 0.198408 0.489613
26 0.950945 0.45723 0.0235401 0.0977868 0.453264
0 0.00614228 0.435547 0.0121898 0.178509 0.446595
0 0.356383 0.446143 0.0294865 0.209118 0.368495
26 0.211889 0.441807 0.0298677 0.0875149 0.324122
0 0.0357643 0.406121 0.0242276 0.123773 0.291343
