0 0.471459 0.656426 0.123249 0.630366 0.870955
0 0.395016 0.530058 0.0796988 0.473556 0.862677
0 0.789907 0.420906 0.0522083 0.239464 0.843271
0 0.0712091 0.456488 0.0570678 0.253702 0.841727
0 0.964997 0.469148 0.0563026 0.274678 0.839638
0 0.279583 0.472245 0.047769 0.257253 0.800349
0 0.224774 0.4817 0.0538956 0.246808 0.785381
0 0.748191 0.419317 0.0407445 0.22682 0.736861
0 0.862022 0.438728 0.0472313 0.218594 0.724806
0 0.0311057 0.494911 0.0373844 0.17838 0.712218
26 0.949092 0.462472 0.0244175 0.0952636 0.620512
0 0.699422 0.423184 0.0338135 0.197113 0.596282
0 0.574138 0.422618 0.0307915 0.191671 0.567693
0 0.610521 0.428049 0.0386776 0.183226 0.547637
0 0.00589473 0.435376 0.0116677 0.181973 0.397719
0 0.510102 0.413785 0.0635377 0.183169 0.394931
0 0.356569 0.445258 0.031324 0.210543 0.393427
0 0.509008 0.538531 0.0615108 0.447399 0.367312
26 0.212179 0.443449 0.0303995 0.0871528 0.363975
26 0.95009 0.449605 0.0277721 0.118659 0.314307
